estimator,parameter,estimate,std.dev,ci.lb,ci.ub,pvalue
tmle,RR,0.697572877079894,0.166534122496424,0.503309912809502,0.966815686425191,0.0305712213765907
iptw,RR,1.7575432581648,0.0954418400428013,1.45769203757581,2.11907469115189,3.45262150062819e-09
tmle,ATE,-0.00394359937522978,0.00155789937265287,-0.00699702603716695,-0.000890172713292614,0.0113622159673407
iptw,ATE,0.00736792697774907,0.00152533338437288,0.00437832847996165,0.0103575254755365,1.3627851022884e-06
tmle,RR,0.205125512996646,0.0643157363990168,0.180831475565569,0.232683364168426,5.9446941678732e-134
iptw,RR,0.157297670598757,0.0648873523523661,0.138512853674881,0.178630044211428,1.01507747569658e-178
tmle,ATE,-0.0105437559851352,0.000604739569637218,-0.0117290237616504,-0.00935848820861999,4.45988406973677e-68
iptw,ATE,-0.00793455955044412,0.00038067733195134,-0.00868067341079954,-0.00718844569008869,1.75444563519259e-96
tmle,RR,0.568050317086988,0.193438617508153,0.388804745370625,0.829931132746424,0.00345962322505658
iptw,RR,1.51036424561511,0.102411280190025,1.23568864654928,1.84609623209119,5.66324545573188e-05
tmle,ATE,-0.00593346552182955,0.00156857965365753,-0.00900782514988062,-0.00285910589377848,0.000155136642813982
iptw,ATE,0.005304481001594,0.00153581571340165,0.00229433751643608,0.00831462448675191,0.000552639464817909
tmle,RR,0.190293923222818,0.0625104889488132,0.168351075519469,0.215096797592744,3.13381006838258e-155
iptw,RR,0.186335338798923,0.0632771150683689,0.16460144723399,0.210938962377116,2.3612595435553e-155
tmle,ATE,-0.0112052989106622,0.000588664735018942,-0.0123590605902681,-0.0100515372310562,8.73063870461291e-81
iptw,ATE,-0.0082240071875714,0.000409974506630203,-0.00902754245514618,-0.00742047191999663,1.65744590309584e-89
tmle,RR,0.711864674963532,0.153130288725248,0.527293847876018,0.961041585260608,0.0264550469442346
iptw,RR,1.67325472440487,0.0979990556576021,1.3808455747878,2.0275847088647,1.49793993106973e-07
tmle,ATE,-0.00405404045720354,0.00158780871825366,-0.00716608835931943,-0.000941992555087658,0.010672906837417
iptw,ATE,0.00664831438315375,0.00152909069359039,0.00365135169462122,0.00964527707168628,1.37455046148815e-05
tmle,RR,0.16097449314986,0.05894974452221,0.143409840512446,0.180690441829236,8.80673388433722e-211
iptw,RR,0.175217793648419,0.063402535156132,0.154742593573934,0.198402227220985,3.90925932411013e-166
tmle,ATE,-0.0117050326219428,0.00052926298436266,-0.0127423690096438,-0.0106676962342418,2.23114052445183e-108
iptw,ATE,-0.00785641278520977,0.000395193099735179,-0.00863097702762947,-0.00708184854279008,6.07135171188544e-88
tmle,RR,0.713130142896867,0.157608364206591,0.523615279301407,0.971237129265221,0.0319419897135054
iptw,RR,1.69707605489378,0.095342333191787,1.40781557184654,2.04577019439857,2.89866428223652e-08
tmle,ATE,-0.0038937662485089,0.0015746266527283,-0.00697997777695322,-0.000807554720064579,0.0134052125466043
iptw,ATE,0.00695038143805036,0.00152398825986174,0.00396341933585947,0.00993734354024125,5.09948207662344e-06
tmle,RR,0.623820323868392,0.183401126491713,0.435459929505744,0.893656959236091,0.0100818354830088
iptw,RR,1.69809985865422,0.101877533248324,1.39073669025066,2.07339257688078,2.01971436057596e-07
tmle,ATE,-0.00499991381514137,0.00158232529880709,-0.00810121441262985,-0.0018986132176529,0.00157849280050869
iptw,ATE,0.0065024924598396,0.00152542383351773,0.00351271668498582,0.00949226823469337,2.01931121039894e-05
tmle,RR,0.701277714926258,0.162794803798394,0.50970494848281,0.964853166358418,0.0292763045875453
iptw,RR,1.8033370576043,0.0945001788737178,1.49843603714856,2.17027918623565,4.38823210979877e-10
tmle,ATE,-0.00399774715084468,0.00157789102935254,-0.0070903567399045,-0.000905137561784868,0.0112897024315901
iptw,ATE,0.00768277103222541,0.00152406664304476,0.00469565530181882,0.010669886762632,4.63183152440478e-07
tmle,RR,0.175059716765088,0.0658905735410587,0.153850907955112,0.199192223440203,3.91866623017464e-154
iptw,RR,0.163439455134795,0.0649559377094646,0.143901828172704,0.185629715994293,4.0279312333816e-171
tmle,ATE,-0.0109324391649326,0.000628252825417685,-0.0121637920759368,-0.00970108625392841,8.05994579699989e-68
iptw,ATE,-0.00799321050427385,0.00039704458075456,-0.00877140358280959,-0.00721501742573811,3.88847611170246e-90
tmle,RR,0.549978621725561,0.195941766487495,0.374593187020166,0.807479940469029,0.00227857596200267
iptw,RR,1.56973415918859,0.104303581179596,1.27950721701094,1.92579244396903,1.53909032208191e-05
tmle,ATE,-0.00629565562716637,0.00157991110539765,-0.00939222449252063,-0.00319908676181211,6.75323302542311e-05
iptw,ATE,0.00553388351344496,0.00152203613715466,0.00255074750145336,0.00851701952543655,0.000277073702236864
tmle,RR,0.208134611097252,0.0597509921280818,0.185133140850041,0.23399384971108,4.39166500868602e-152
iptw,RR,0.158084498700088,0.0597522470065537,0.140613844223054,0.17772580550188,2.906889985031e-209
tmle,ATE,-0.0106731341638216,0.000516300058407047,-0.0116850636835154,-0.00966120464412789,6.1453505904324e-95
iptw,ATE,-0.00860562888469286,0.000405636289999526,-0.00940066140391438,-0.00781059636547135,6.92269281469397e-100
tmle,RR,0.110945585535556,0.0705866910153817,0.0966109886158846,0.127407069590876,5.20827781790637e-213
iptw,RR,0.0785041579911933,0.0748313266886529,0.0677947586696801,0.0909052992124963,1.90986918545593e-253
tmle,ATE,-0.0123994176786572,0.000595693151563085,-0.013566954801558,-0.0112318805557564,3.15828548483479e-96
iptw,ATE,-0.00909534224370611,0.000397200343042542,-0.00987384061071645,-0.00831684387669577,4.79493376595e-116
tmle,RR,0.22719486112672,0.057079960726002,0.20314772038848,0.254088526436237,1.30864358412497e-148
iptw,RR,0.183758273800576,0.0580821269902102,0.16398620157047,0.205914295634543,4.95284693381075e-187
tmle,ATE,-0.0104163881683702,0.00052570316490269,-0.0114467474381382,-0.0093860288986022,2.24543977413024e-87
iptw,ATE,-0.0081013745346643,0.000402666753839273,-0.00889058686996093,-0.00731216219936767,5.00056062291626e-90
tmle,RR,0.66519292246825,0.160001644368809,0.486131735138986,0.910209295378226,0.0108354153507512
iptw,RR,1.49562992613399,0.103660793244868,1.22064090405812,1.83256915978383,0.000103042100741337
tmle,ATE,-0.0047907028763179,0.00158018777366929,-0.00788781400152024,-0.00169359175111556,0.00243156494471419
iptw,ATE,0.00508401427825197,0.00152808605868781,0.0020890206379461,0.00807900791855784,0.000877715391539585
tmle,RR,0.636712141577587,0.176998131907434,0.450072055155559,0.900749883465209,0.0107561747042131
iptw,RR,1.63124325227889,0.100996503166214,1.33829035752414,1.98832378425578,1.26520801096265e-06
tmle,ATE,-0.00490868870430142,0.00158499715259595,-0.00801522603898801,-0.00180215136961482,0.001955096285253
iptw,ATE,0.00615321835834436,0.00152682302490732,0.0031607002187595,0.00914573649792921,5.57579627828823e-05
tmle,RR,0.64243519984038,0.176272259399976,0.45476403294103,0.907554151380012,0.0120642062435221
iptw,RR,1.50518042233558,0.104357250801146,1.22675972066123,1.84679042327959,8.91411000232112e-05
tmle,ATE,-0.00477018756924037,0.0015571920995725,-0.00782222800141279,-0.00171814713706796,0.00218891212942796
iptw,ATE,0.00512219334059843,0.00152808893531786,0.00212719406220127,0.0081171926189956,0.000802225793603962
tmle,RR,0.610113519684705,0.184428146026248,0.425035423027075,0.875782315391503,0.00738098305316989
iptw,RR,1.40031869313392,0.110827868605124,1.12691207788918,1.74005805848958,0.00238119843851161
tmle,ATE,-0.00522504240680989,0.00156092252198018,-0.00828439433254848,-0.0021656904810713,0.000815714599409553
iptw,ATE,0.00407196821515184,0.00152836490975574,0.00107642803679577,0.00706750839350791,0.00771568928703077
tmle,RR,0.159264164996572,0.066046741168019,0.139926180958939,0.181274684110035,2.73774447364768e-170
iptw,RR,0.110091974385729,0.0767537009976838,0.0947158784850644,0.127964212738197,9.87264472735649e-182
tmle,ATE,-0.0119673824894807,0.000571562872514502,-0.0130876251345094,-0.010847139844452,2.41389386845486e-97
iptw,ATE,-0.00916550620837405,0.000394575243094175,-0.00993885947402977,-0.00839215294271833,2.33079858968229e-119
tmle,RR,0.595118412677941,0.189240680035949,0.410696903500602,0.862353531496233,0.00609711784633115
iptw,RR,1.61241424646306,0.0996531797298104,1.32633028514911,1.9602053359618,1.6352719153662e-06
tmle,ATE,-0.00542642261724023,0.00156363719791661,-0.0084910952100439,-0.00236175002443655,0.000519713408464085
iptw,ATE,0.00615458952690125,0.00153092203744291,0.00315403747037447,0.00915514158342802,5.81525032577117e-05
tmle,RR,0.771295445148534,0.15414739880692,0.570177746127285,1.04335300307226,0.0920569124354047
iptw,RR,1.79387679647453,0.0940509654399477,1.49188822235739,2.15699401114973,5.18403467095591e-10
tmle,ATE,-0.00293374231462755,0.0015570952428304,-0.00598559291107378,0.000118108281818686,0.0595497854826385
iptw,ATE,0.00770261618822473,0.0015266706830087,0.00471039663327452,0.0106948357431749,4.52648099295723e-07
tmle,RR,0.164151993518238,0.061846026591582,0.145412830452581,0.185306048249977,1.17560709437764e-187
iptw,RR,0.165479586775329,0.0626482818192511,0.146358555178163,0.18709868791749,2.52261830698115e-181
tmle,ATE,-0.0111653463549349,0.00050519225646785,-0.0121555049828804,-0.0101751877269893,3.07896192071683e-108
iptw,ATE,-0.00820089992041753,0.000386006563761361,-0.00895745888318587,-0.0074443409576492,3.62869810840464e-100
tmle,RR,0.193363788523613,0.0629865712529408,0.170907404919995,0.218770829325431,5.01294217490654e-150
iptw,RR,0.19152489698224,0.0638806676631763,0.16898568422259,0.217070376895004,1.36690255011527e-147
tmle,ATE,-0.0111621724561362,0.000575509507277434,-0.0122901503631604,-0.0100341945491121,8.45783601568551e-84
iptw,ATE,-0.00790604684493564,0.000398902056734673,-0.00868788050949456,-0.00712421318037673,2.02030889783405e-87
tmle,RR,0.273808581976398,0.053509354213056,0.246547050431503,0.304084512196405,1.85623882034555e-129
iptw,RR,0.300513383319434,0.0547618911990183,0.269929538209346,0.334562471944266,7.86588329676058e-107
tmle,ATE,-0.00978074175916038,0.000526099192276569,-0.0108118772283181,-0.00874960629000269,3.79599851302691e-77
iptw,ATE,-0.0066968531652434,0.00040071095074802,-0.00748223219692032,-0.00591147413356648,1.06411937976786e-62
tmle,RR,0.614214730600282,0.176950278485488,0.434210056528235,0.868841542507768,0.00587807268261641
iptw,RR,1.62029401033081,0.0966290407976339,1.34073528123475,1.95814395030769,5.90077632070192e-07
tmle,ATE,-0.00539771972677563,0.00158913292333122,-0.00851236302315167,-0.00228307643039959,0.000682175097230539
iptw,ATE,0.00641418833769226,0.00153124454288645,0.00341300418211133,0.00941537249327319,2.80343698133253e-05
tmle,RR,0.636894427452409,0.17254383681207,0.454148484049319,0.893175967699325,0.00893043412360137
iptw,RR,1.63179004411266,0.10013633001191,1.34099784656786,1.98563983893053,1.00780001368543e-06
tmle,ATE,-0.00501571962543781,0.00157791937503152,-0.00810838477100754,-0.00192305447986807,0.00147941223605541
iptw,ATE,0.00617896099138609,0.00152052920795198,0.00319877850635899,0.00915914347641318,4.83027435442813e-05
tmle,RR,0.15718176562339,0.0681525125392939,0.137527845381884,0.179644401291121,2.52023793427802e-162
iptw,RR,0.163662911001391,0.0645093739615987,0.144224749344649,0.185720887428557,3.27168064873972e-173
tmle,ATE,-0.0120532751967927,0.000605988603943225,-0.0132409910355632,-0.0108655593580223,4.94111795728697e-88
iptw,ATE,-0.00834256983782904,0.000394046046205926,-0.00911488589664306,-0.00757025377901502,1.74675773821133e-99
tmle,RR,0.210484887636428,0.0606481982366787,0.186894740541944,0.237052620072937,1.33734118301113e-145
iptw,RR,0.188060545516501,0.0632890642140463,0.166121537674493,0.212896950480095,1.2815686833654e-153
tmle,ATE,-0.0108666681907812,0.000579556525673926,-0.0120025781081073,-0.00973075827345513,1.93695731716117e-78
iptw,ATE,-0.00790418276493805,0.000404078488227455,-0.00869616204879125,-0.00711220348108484,3.32436566945748e-85
tmle,RR,0.18499127772681,0.0637351384465313,0.16326752296819,0.209605512552949,1.83567592399337e-154
iptw,RR,0.158777331765045,0.0616486508623563,0.140706147605193,0.17916943581715,8.60908034097776e-196
tmle,ATE,-0.0113851445584287,0.000564060266028986,-0.0124906823649556,-0.0102796067519018,1.3460189637724e-90
iptw,ATE,-0.00842921001190652,0.000392736760112034,-0.00919895991713106,-0.00765946010668199,3.47168414710753e-102
tmle,RR,0.686731620930007,0.161482712652161,0.500417755864292,0.942413241054235,0.0199516095661399
iptw,RR,1.58486447793632,0.0971957579089052,1.3099627685341,1.91745557489024,2.15997821479974e-06
tmle,ATE,-0.00431131019202917,0.00157807756635785,-0.00740428538690118,-0.00121833499715716,0.00629508648328741
iptw,ATE,0.00610423851381567,0.0015311424045714,0.00310325454565367,0.00910522248197767,6.69925534844682e-05
tmle,RR,0.568709650747245,0.188004687334956,0.393423880872418,0.82209210619306,0.00268234748214662
iptw,RR,1.46449264459225,0.106080182528008,1.18957431849127,1.80294637562869,0.000322627037944817
tmle,ATE,-0.00611478005428976,0.00159066581581402,-0.00923242776472426,-0.00299713234385526,0.000120964159710327
iptw,ATE,0.00475445642848911,0.00152977638139277,0.00175614981655927,0.00775276304041895,0.00188394969524193
tmle,RR,0.176484443970277,0.0609128213251797,0.156623651015529,0.198863701372979,2.35670867681946e-178
iptw,RR,0.170733947070022,0.0633489153526733,0.15079855710354,0.193304771889126,2.42771271545889e-171
tmle,ATE,-0.0118178471505732,0.000601500365305107,-0.0129967662032589,-0.0106389280978875,6.09929715124281e-86
iptw,ATE,-0.00866422063392166,0.000408518975405501,-0.00946490311271765,-0.00786353815512568,7.91116607400654e-100
tmle,RR,0.160639926895794,0.0632975013383167,0.14189744217932,0.181858007563485,1.64999733701693e-183
iptw,RR,0.17569125198635,0.0604290505287818,0.156067630446387,0.197782307171857,4.04429006726758e-182
tmle,ATE,-0.0118581871198641,0.000623730606268747,-0.0130806766442062,-0.0106356975955221,1.36424641448653e-80
iptw,ATE,-0.00827739964087146,0.000398574047902621,-0.00905859041993294,-0.00749620886180998,8.51194646733137e-96
tmle,RR,0.157048422309517,0.0612763407053718,0.139275607707693,0.177089207190343,1.71388805588534e-200
iptw,RR,0.215096187614455,0.0594094298586612,0.19145350194853,0.241658519982105,1.61781454404357e-147
tmle,ATE,-0.011784643351934,0.000533949173843306,-0.0128311645022417,-0.0107381222016262,6.04201242627943e-108
iptw,ATE,-0.00801785213176772,0.000416733412991562,-0.00883463461238564,-0.0072010696511498,1.71992737702394e-82
tmle,RR,0.150578623478583,0.0627059544584348,0.133164332811417,0.170270232050911,2.94228066872166e-200
iptw,RR,0.112906066301249,0.0711825813917457,0.0982034066297807,0.12980995512386,3.34531581508554e-206
tmle,ATE,-0.0119493992494186,0.000529910380766977,-0.0129880045107557,-0.0109107939880814,1.34743268277721e-112
iptw,ATE,-0.0091246330176527,0.000404193101544427,-0.00991683693947932,-0.00833242909582608,7.64219486220472e-113
tmle,RR,0.654484830863867,0.160687973720534,0.47766314532182,0.896762494712268,0.00833782245340563
iptw,RR,1.43606367604508,0.103294153624327,1.17286912596044,1.75831969314339,0.000458940603976831
tmle,ATE,-0.00500666905090807,0.00158420629737031,-0.00811165633783543,-0.00190168176398071,0.0015757197720893
iptw,ATE,0.00468069961139598,0.00153402839346062,0.00167405920895133,0.00768734001384064,0.00227892977816522
tmle,RR,0.605493523110717,0.186537023628653,0.420076995913244,0.872750495970374,0.00715360621185796
iptw,RR,1.56114484922516,0.10378184864952,1.27380787880364,1.9132973510505,1.77165236564988e-05
tmle,ATE,-0.00525508029771645,0.00155573557628686,-0.00830426599670637,-0.00220589459872654,0.000730482797908995
iptw,ATE,0.00550766300976853,0.00152207776263261,0.00252444541333931,0.00849088060619776,0.000296296979232484
tmle,RR,0.587571263922323,0.184889891531461,0.408961087303008,0.844187872406257,0.0040265026397447
iptw,RR,1.51452502385471,0.103005362923997,1.23765080746262,1.85333862673652,5.57992908388655e-05
tmle,ATE,-0.00574732961762959,0.00158368482063087,-0.00885129482892887,-0.00264336440633031,0.000284425642593288
iptw,ATE,0.00525912213607352,0.00152715502298254,0.0022659532922183,0.00825229097992874,0.000573730893224983
tmle,RR,0.601276084631178,0.186902097511563,0.416852659455873,0.867291887789121,0.00649369415760829
iptw,RR,1.61047151901781,0.102032344348326,1.31856929965181,1.96699446457037,3.00683455333955e-06
tmle,ATE,-0.00537714918227496,0.00158044345208574,-0.00847476142796516,-0.00227953693658476,0.000668202492224504
iptw,ATE,0.00596097331102389,0.00152559270232244,0.00297086655939477,0.008951080062653,9.33269273107084e-05
tmle,RR,0.530116505720354,0.198421944309196,0.359314101290775,0.7821109959994,0.00138130322305992
iptw,RR,1.46609624110628,0.0999595645620145,1.2052489024163,1.78339775616202,0.000129409224980531
tmle,ATE,-0.00671858382230471,0.0015709830867781,-0.00979765409271135,-0.00363951355189806,1.89705585987346e-05
iptw,ATE,0.00510184725092111,0.00153659232446499,0.00209018163604904,0.00811351286579317,0.000899417796181168
tmle,RR,0.605434305853963,0.183969370983348,0.422155073811752,0.868284479907313,0.00637818229805671
iptw,RR,1.72072666689793,0.0963618937059234,1.42458542449663,2.07842942322667,1.77740803512546e-08
tmle,ATE,-0.00537525366646012,0.00158599577422663,-0.00848374826357703,-0.00226675906934321,0.000700973815404263
iptw,ATE,0.00704393267156725,0.00152400004017546,0.00405694748038574,0.0100309178627488,3.80052620196547e-06
tmle,RR,0.607593365270317,0.187000238886667,0.421151285778851,0.876572647374898,0.00771184470456142
iptw,RR,1.64630097780155,0.0999054205154767,1.35353530443389,2.00239099832267,6.03702473593352e-07
tmle,ATE,-0.00520023856574288,0.00155559366769395,-0.00824914612900159,-0.00215133100248417,0.000828992260409221
iptw,ATE,0.00630210244123962,0.00152350534344017,0.00331608683784256,0.00928811804463667,3.52519775900181e-05
tmle,RR,0.146479083033376,0.0643626384359369,0.129118964788186,0.166173279049259,1.03377867983404e-195
iptw,RR,0.080751433678791,0.0798284870279211,0.0690557919574119,0.0944279090333465,4.29543360461266e-218
tmle,ATE,-0.0110435027719232,0.000507388538592115,-0.0120379660337321,-0.0100490395101142,4.94020818466622e-105
iptw,ATE,-0.00825528998354285,0.000367641834196907,-0.00897585473777903,-0.00753472522930667,1.15111106111992e-111
tmle,RR,0.662888207448961,0.159315004328626,0.485099822366447,0.905835779183106,0.00985918218487047
iptw,RR,1.58061659995885,0.0993595229348655,1.30092290248059,1.92044342620277,4.07223370583508e-06
tmle,ATE,-0.00490145451223009,0.00160809683178688,-0.00805326638618534,-0.00174964263827485,0.0023038166980597
iptw,ATE,0.00592445417280251,0.00152713931480442,0.00293131611641067,0.00891759222919436,0.00010469473325926
tmle,RR,0.165057444203195,0.0612160453059506,0.146395566254534,0.186098258191252,2.41244651757534e-190
iptw,RR,0.13917264317376,0.0711002586309451,0.121069075359743,0.159983253778207,2.56747554452635e-169
tmle,ATE,-0.0105157000349,0.000490479984263995,-0.0114770231391952,-0.00955437693060475,5.70889539898171e-102
iptw,ATE,-0.00813693483661049,0.000375819476818285,-0.00887352747586302,-0.00740034219735797,5.92449955471931e-104
tmle,RR,0.638747604848117,0.177340119552742,0.451208322118326,0.904235322575038,0.0114843266859196
iptw,RR,1.62252587890486,0.101392207801983,1.33010653945979,1.97923260251407,1.81154338372471e-06
tmle,ATE,-0.00482177336152435,0.00156256511997426,-0.0078843447201724,-0.00175920200287629,0.00203000988142324
iptw,ATE,0.00609160616187098,0.00152725685483425,0.00309823773125393,0.00908497459248803,6.64663156794798e-05
tmle,RR,0.222488593949985,0.0635420080097777,0.196435825452853,0.251996672825457,1.13248125178253e-123
iptw,RR,0.218973464943738,0.0621103359169513,0.193875565121903,0.247320379539925,4.63791015060216e-132
tmle,ATE,-0.0106336232408501,0.000614565025884129,-0.0118381485577409,-0.00942909792395927,4.48990958048204e-67
iptw,ATE,-0.00754568838567185,0.000404359535473602,-0.00833821851200546,-0.00675315825933825,1.03098754415526e-77
tmle,RR,0.637567592031361,0.171143280726665,0.455878183194256,0.891668979551618,0.00854022565622207
iptw,RR,1.57590957814923,0.102174544246285,1.28991224465375,1.92531779490871,8.52623031157593e-06
tmle,ATE,-0.00505360814519007,0.00158735430421298,-0.00816476541215214,-0.001942450878228,0.00145422001914166
iptw,ATE,0.00575363978593604,0.00152992355715989,0.00275504471480325,0.00875223485706882,0.000169413629482112
tmle,RR,0.696185215427008,0.159288188132761,0.509493261645161,0.951286092801562,0.0229968807891287
iptw,RR,1.6579436504054,0.0975714477736712,1.3693573553411,2.0073482916626,2.19968155630764e-07
tmle,ATE,-0.00420093563016207,0.00159246356545704,-0.0073221068651501,-0.00107976439517403,0.00833939960476113
iptw,ATE,0.00658148564387718,0.00152791124877289,0.0035868346247087,0.00957613666304565,1.65106218153037e-05
tmle,RR,0.229278104370256,0.0584022003139029,0.204479860109813,0.257083749545734,2.50680441215298e-140
iptw,RR,0.174706524024058,0.0640422320690107,0.154097742440422,0.198071490556517,2.05908441984063e-163
tmle,ATE,-0.0102966792475677,0.000518817105480812,-0.0113135420888734,-0.00927981640626202,1.18260208941932e-87
iptw,ATE,-0.00819343713614891,0.000388277939328094,-0.0089544479132234,-0.00743242635907442,7.6258544891828e-99
tmle,RR,0.557512100349786,0.194482861292927,0.380811614996158,0.816203418689226,0.0026625475115994
iptw,RR,1.57573668483873,0.104106765229959,1.28489549594973,1.93241092973968,1.25474709199562e-05
tmle,ATE,-0.00615746218704466,0.00158501579224948,-0.00926403605478085,-0.00305088831930847,0.000102416065921108
iptw,ATE,0.00562735989730256,0.00152655370149435,0.00263536962190733,0.00861935017269779,0.000227523478917115
tmle,RR,0.679290750757355,0.157729966479266,0.498649870266687,0.925370588821586,0.0142184450408392
iptw,RR,1.58325696794748,0.0992880633542404,1.3032785734311,1.92338205941262,3.69592256268953e-06
tmle,ATE,-0.00458170940435895,0.00159212504268052,-0.00770221714689706,-0.00146120166182083,0.00400545086641433
iptw,ATE,0.00594840207636332,0.00152850341114093,0.00295259044028048,0.00894421371244616,9.95643270077155e-05
tmle,RR,0.551952814394674,0.194006335473525,0.377366600905868,0.807310208658862,0.00218936463035766
iptw,RR,1.41569527896515,0.108613025388512,1.14424285426922,1.75154523832636,0.00137168394144877
tmle,ATE,-0.00633758827653436,0.00159254714951286,-0.00945892333326149,-0.00321625321980722,6.90518071844575e-05
iptw,ATE,0.00428352487051949,0.00153169414944939,0.00128145950226798,0.007285590238771,0.00516445730155789
tmle,RR,0.234233773748302,0.0623742232448791,0.207279561062505,0.264693057449239,8.96793606435525e-120
iptw,RR,0.218843722990764,0.059584279097031,0.194722377764525,0.245953113567533,1.97270061710549e-143
tmle,ATE,-0.0106131574115914,0.00063161545572274,-0.0118511009568868,-0.00937521386629596,2.31246782388323e-63
iptw,ATE,-0.00759547658602541,0.000402893745387694,-0.00838513381658174,-0.00680581935546908,2.81302806157572e-79
tmle,RR,0.713847239260825,0.161802072374211,0.519851271519524,0.98023782746709,0.0372216163658708
iptw,RR,1.80696485703584,0.0949838198468747,1.50002788385209,2.17670753304778,4.69600053156691e-10
tmle,ATE,-0.00376817989961677,0.00155978634879289,-0.00682530496682807,-0.000711054832405468,0.0156993548114579
iptw,ATE,0.00762373684941998,0.00152204435662317,0.00464058472756612,0.0106068889712738,5.47478217678498e-07
tmle,RR,0.219873231034159,0.0594612910181931,0.195685576351193,0.247050593236561,3.84910331733493e-143
iptw,RR,0.187578480498706,0.0621156888264507,0.166077211132498,0.211863422478427,6.96558189565411e-160
tmle,ATE,-0.0106993395185503,0.000571941257352493,-0.0118203237842337,-0.00957835525286684,4.33645543542214e-78
iptw,ATE,-0.00772213072262124,0.000380973065739227,-0.00846882421054994,-0.00697543723469255,2.39109513948646e-91
tmle,RR,0.675883634981763,0.168506182029314,0.485779528385417,0.940382748434228,0.0200854562438736
iptw,RR,1.77917553464614,0.0961147378040754,1.47368880655721,2.14798780380131,2.04239535591568e-09
tmle,ATE,-0.00430730267111362,0.00155610990535028,-0.0073572220415862,-0.00125738330064104,0.00564025174184392
iptw,ATE,0.00740075136949215,0.00152291466036101,0.00441589348365651,0.0103856092553278,1.1762499761631e-06
tmle,RR,0.673142332478183,0.165850918768501,0.486333678341503,0.931707220687249,0.0170109282606521
iptw,RR,1.48397912560302,0.103860284256909,1.21065878489208,1.819004720989,0.000144370372732813
tmle,ATE,-0.00443706862522766,0.00155987087432753,-0.00749435935944263,-0.00137977789101269,0.00444797605693644
iptw,ATE,0.00499695572786677,0.00153061118173145,0.00199701293733884,0.00799689851839471,0.00109587803715152
tmle,RR,0.655750062692421,0.167272808296788,0.472449581063613,0.910167268543341,0.0116464731100634
iptw,RR,1.6633149741282,0.0992307069892346,1.3693332897592,2.02041148334721,2.93502924866475e-07
tmle,ATE,-0.0047953210381857,0.00159315980881163,-0.0079178568850732,-0.00167278519129819,0.00261296276576123
iptw,ATE,0.00648683065324502,0.00152639718429281,0.00349514714592777,0.00947851416056228,2.13994076887566e-05
tmle,RR,0.72981076688861,0.152010755049915,0.541774396375764,0.983109868294928,0.0382631606253962
iptw,RR,1.81672524207793,0.0903457310588072,1.52190248000209,2.16866103352337,3.88645882689399e-11
tmle,ATE,-0.00372353339455269,0.00157503001703278,-0.00681053550250645,-0.000636531286598943,0.0180737804826256
iptw,ATE,0.00815906985238579,0.00152568386678792,0.00516878442168766,0.0111493552830839,8.90240699623108e-08
tmle,RR,0.566999714692803,0.188280681103747,0.392028854928272,0.820063810151274,0.00258195881773126
iptw,RR,1.48673074928893,0.105045976714579,1.21008820089817,1.82661753022682,0.000159818226047695
tmle,ATE,-0.00611286835757709,0.00156813853113795,-0.00918636340137702,-0.00303937331377717,9.69229340055307e-05
iptw,ATE,0.00496045009160066,0.00152852997349343,0.00196458639426358,0.00795631378893775,0.00117350735128362
tmle,RR,0.657688326966392,0.164522783494958,0.476406947924332,0.907950518590159,0.010868258574012
iptw,RR,1.65338215729674,0.095775880647149,1.37040416269491,1.99479294684236,1.52102582441541e-07
tmle,ATE,-0.00480395211643663,0.00156817974517218,-0.00787752793825931,-0.00173037629461395,0.00218841862080417
iptw,ATE,0.00667512020516321,0.0015291124509617,0.00367811487296651,0.00967212553735992,1.26915891382806e-05
tmle,RR,0.576121628095802,0.180656208764899,0.404333137334671,0.820897670044361,0.00227013208093433
iptw,RR,1.45916570053688,0.104873540159199,1.18805376037282,1.79214494549062,0.000314502398466571
tmle,ATE,-0.00619216054021721,0.00159250489137333,-0.00931341277251282,-0.0030709083079216,0.000100942597518386
iptw,ATE,0.00478876233611256,0.00153576010294715,0.00177872784544261,0.0077987968267825,0.00181977299674877
tmle,RR,0.583118091420343,0.188055793330414,0.403350996528251,0.843004508401871,0.00412926015431352
iptw,RR,1.68064532013229,0.0953510135487559,1.39416167713571,2.02599794443183,5.18311227126597e-08
tmle,ATE,-0.00572832924829157,0.00155902947325245,-0.00878397086670282,-0.00267268762988032,0.000238510011889482
iptw,ATE,0.00683235828146306,0.00152347835720428,0.00384639557011643,0.0098183209928097,7.30132441822823e-06
tmle,RR,0.177819639756512,0.0587956871728561,0.15846477795166,0.199538501185301,1.22765614290183e-189
iptw,RR,0.18113022039928,0.0616468937864973,0.160515503147632,0.204392448695233,4.61484474445087e-169
tmle,ATE,-0.0113515311085965,0.000520462980900922,-0.0123716198064487,-0.0103314424107443,1.84656710850184e-105
iptw,ATE,-0.00866391148996259,0.000413365440855663,-0.00947409286649322,-0.00785373011343197,1.53860779273694e-97
tmle,RR,0.588606662900579,0.179474790237778,0.414053018919657,0.836747440013673,0.00314656139192982
iptw,RR,1.57925929535068,0.0983444115268624,1.30239442022699,1.91498050300067,3.37636946521541e-06
tmle,ATE,-0.00589008242002472,0.00158724850810313,-0.00900103233042179,-0.00277913250962765,0.000206543252126311
iptw,ATE,0.00595722953681658,0.00152168781459824,0.00297477622449058,0.00893968284914258,9.0448111135686e-05
tmle,RR,0.647315324300431,0.167884254987691,0.465814015508459,0.899537401460096,0.0095807473645812
iptw,RR,1.76822880253011,0.0901835240990813,1.48174716707325,2.11009892077123,2.61216370576092e-10
tmle,ATE,-0.00491486966570485,0.00156508703093215,-0.00798238387900258,-0.00184735545240711,0.00168765015339121
iptw,ATE,0.0078941798087563,0.00152921552654995,0.00489697245211894,0.0108913871653937,2.44010243549014e-07
tmle,RR,0.126202076772773,0.0698074648159591,0.110064250340783,0.144706061527222,3.27874908409116e-193
iptw,RR,0.0784387010550563,0.0785016291995661,0.0672526938888016,0.0914852546037412,1.20838170804603e-230
tmle,ATE,-0.0118697988255787,0.000594127535138308,-0.0130342673966733,-0.010705330254484,8.46692289526845e-89
iptw,ATE,-0.00877304302785409,0.000398989240348384,-0.00955504756915592,-0.00799103848655226,3.73763582285017e-107
tmle,RR,0.132749136709146,0.0732409033725419,0.114997642041138,0.153240822892,2.50789034686223e-167
iptw,RR,0.100657590739182,0.072384155086321,0.087343989899738,0.11600054663231,8.21568162863237e-221
tmle,ATE,-0.0125796781886081,0.000654023332280192,-0.0138615403649262,-0.0112978160122901,1.91121701383646e-82
iptw,ATE,-0.00938265128949294,0.000415292460567209,-0.0101966095552557,-0.00856869302373019,5.09217337171882e-113
tmle,RR,0.631878298148821,0.175673111293669,0.447816628927847,0.891593026876589,0.0089714490631414
iptw,RR,1.61916523609063,0.100219532437044,1.33040586315785,1.97059869801054,1.52028266852662e-06
tmle,ATE,-0.00504677999227346,0.00158553845472372,-0.00815437825963524,-0.00193918172491168,0.00145754092988833
iptw,ATE,0.00612996741060871,0.00152515755697229,0.00314071352819392,0.00911922129302349,5.83872857605704e-05
tmle,RR,0.577186446557527,0.18764773924363,0.39956742904804,0.833762138429082,0.0034023108649415
iptw,RR,1.59007640418771,0.102497049436865,1.30068564232889,1.9438539866001,6.04431128357056e-06
tmle,ATE,-0.00593007498734631,0.00159284908150333,-0.00905200181990054,-0.00280814815479207,0.000196919549250922
iptw,ATE,0.00582697578512509,0.00153016672056256,0.00282790412248071,0.00882604744776946,0.000140057924765052
tmle,RR,0.731619739812738,0.148071455145547,0.547326862406193,0.977966696775089,0.0348213695390245
iptw,RR,1.74336301604206,0.0917431800325787,1.45645104722519,2.08679489193526,1.37490242644289e-09
tmle,ATE,-0.00379504318517117,0.00158219476387408,-0.00689608793889221,-0.000693998431450128,0.0164581425917215
iptw,ATE,0.00750968988459692,0.00152056674827575,0.00452943382188727,0.0104899459473066,7.86273574055798e-07
tmle,RR,0.153242383712039,0.069063136202541,0.13384194856841,0.175454918408819,1.94472588946614e-162
iptw,RR,0.153209340999217,0.063147819354126,0.135373520504186,0.173395078165885,6.18362722487603e-194
tmle,ATE,-0.0112850573644697,0.000590221365909767,-0.0124418699845589,-0.0101282447443806,1.7196867776449e-81
iptw,ATE,-0.0080220764331858,0.000381371870430242,-0.00876955156394575,-0.00727460130242585,3.15178875124286e-98
tmle,RR,0.6473969111953,0.17162607276669,0.462468593619123,0.906272915410973,0.0112965317019251
iptw,RR,1.72636724126588,0.0942775522975939,1.43510602732174,2.07674122676359,6.9712561824448e-09
tmle,ATE,-0.00482362917172136,0.00157804299344337,-0.00791653660492615,-0.00173072173851658,0.0022377623114947
iptw,ATE,0.00721754356422861,0.0015234621168139,0.00423161268346221,0.010203474444995,2.16271542386564e-06
tmle,RR,0.707408796383895,0.158426356779293,0.518582308215697,0.964990893968496,0.0288957996831965
iptw,RR,1.71330322555221,0.0952554648316372,1.42151888546387,2.06497991177213,1.58210976980626e-08
tmle,ATE,-0.00399054860602318,0.00157764074821298,-0.00708266765306343,-0.000898429558982919,0.0114244500846519
iptw,ATE,0.00705061864767928,0.0015233595008256,0.00406488889055419,0.0100363484048044,3.68616741452446e-06
tmle,RR,0.2250844172405,0.0591643748090793,0.200440105369233,0.252758771959178,3.46845448326865e-140
iptw,RR,0.179282029633561,0.0621813973935844,0.158711303575562,0.20251894745623,3.5185359445152e-168
tmle,ATE,-0.0107778325670041,0.000581612881562824,-0.0119177728678118,-0.00963789226619642,1.16241658305991e-76
iptw,ATE,-0.00824817533351313,0.00039531488431891,-0.00902297826933081,-0.00747337239769545,1.11806182749569e-96
tmle,RR,0.64735760778103,0.175673489209612,0.458786585564211,0.913435321646573,0.0133099192987799
iptw,RR,1.68015528884794,0.0977142292372124,1.3873144845904,2.03481029427669,1.0947964962546e-07
tmle,ATE,-0.00468061067179066,0.00155358567497317,-0.00772558264163542,-0.0016356387019459,0.0025886715337107
iptw,ATE,0.00663724631484586,0.00151964190732905,0.00365880290708317,0.00961568972260854,1.25597220980627e-05
tmle,RR,0.644743402991285,0.169574012709841,0.4624291958586,0.89893557635122,0.00964601058248316
iptw,RR,1.49920526822288,0.100212442098829,1.23185648539938,1.82457653379851,5.3276630892089e-05
tmle,ATE,-0.00490955530727393,0.00156102041534176,-0.00796909910047554,-0.00185001151407232,0.00166033703364674
iptw,ATE,0.0053044609115211,0.00153085845067729,0.00230403348276483,0.00830488834027738,0.000530184627114769
tmle,RR,0.648154449621621,0.161998850540965,0.471829222575208,0.890373403053354,0.0074345779697411
iptw,RR,1.50139253729155,0.102370258549318,1.22844730194561,1.83498270333988,7.1922419576249e-05
tmle,ATE,-0.00509942986460771,0.00158679568601745,-0.00820949226002543,-0.00198936746918999,0.00131052445759399
iptw,ATE,0.00518092365237752,0.00152556231991384,0.00219087644917502,0.00817097085558002,0.000683596917495159
tmle,RR,0.160520820572769,0.0683036639017216,0.140407784623655,0.183514994602472,5.19025207322102e-158
iptw,RR,0.214072383778866,0.0607526848768217,0.190041244603943,0.24114231409225,5.08800040464767e-142
tmle,ATE,-0.0114389175566734,0.000575846516534199,-0.0125675559897033,-0.0103102791236435,8.25290387257867e-88
iptw,ATE,-0.00750082098149378,0.000390888244428765,-0.00826694786255425,-0.00673469410043331,4.55861855516575e-82
tmle,RR,0.208101293038925,0.0631363461310069,0.183879376915593,0.235513894439352,1.89212783122486e-136
iptw,RR,0.165026772439836,0.066217496184292,0.144940572021429,0.187896565068634,5.21895649134761e-163
tmle,ATE,-0.0109380233630497,0.000600914203331737,-0.0121157935593785,-0.00976025316672092,4.94815769039238e-74
iptw,ATE,-0.00832758878735901,0.000412444281435669,-0.00913596472460242,-0.0075192128501156,1.17888395197666e-90
tmle,RR,0.247503649331137,0.0598092348834525,0.220126279709538,0.278285975273202,1.49945016131626e-120
iptw,RR,0.256461436016898,0.0571710550463295,0.229275674321911,0.286870678096895,3.19552944611276e-125
tmle,ATE,-0.0104721699321691,0.000613437255396521,-0.0116744848595213,-0.00926985500481678,2.42744249649226e-65
iptw,ATE,-0.00741381459592398,0.000418882761539472,-0.00823480972228602,-0.00659281946956193,4.26663220541262e-70
tmle,RR,0.201659369783721,0.0607886484698317,0.179009060906272,0.227175659241406,6.67526046009242e-153
iptw,RR,0.226187337026246,0.0615892345941215,0.200467251483412,0.255207327144195,1.10067710575104e-128
tmle,ATE,-0.0111273640263114,0.000583287979682636,-0.0122705874591045,-0.00998414059351829,3.92397439509433e-81
iptw,ATE,-0.00748303313819388,0.000406780667581218,-0.00828030859626023,-0.00668575768012753,1.42096179463519e-75
tmle,RR,0.644166299543164,0.172274353785422,0.459576490691365,0.902896971172092,0.0106831659932707
iptw,RR,1.55961473762615,0.105259196689663,1.26887996388052,1.91696472405622,2.41792162111833e-05
tmle,ATE,-0.00488236775847529,0.00158691979104774,-0.0079926733952827,-0.00177206212166789,0.00209353785915844
iptw,ATE,0.00543615790765284,0.00152538641105783,0.00244645547947268,0.008425860335833,0.000365537456267078
tmle,RR,0.177917517003516,0.0575521479545555,0.158938910555588,0.199162324354961,1.04979415160576e-197
iptw,RR,0.166610020100122,0.063454275150217,0.147125766970915,0.18867462422983,1.7659100209787e-175
tmle,ATE,-0.0114528923762787,0.000539197063455945,-0.0125096992012221,-0.0103960855513353,4.023442378276e-100
iptw,ATE,-0.0086467366464866,0.000417966858635804,-0.00946593663614412,-0.00782753665682908,4.47840551018124e-95
tmle,RR,0.622067866284844,0.182130498631182,0.435319384431204,0.888929930767494,0.00914978494630409
iptw,RR,1.49502742027388,0.10635658220146,1.21371933710275,1.84153528665544,0.000156138852953013
tmle,ATE,-0.00502986159869634,0.0015575763604271,-0.00808265516830443,-0.00197706802908826,0.00124099145141479
iptw,ATE,0.00493227362123657,0.00152383960209849,0.00194560288290769,0.00791894435956546,0.00120903226942062
tmle,RR,0.686992921094046,0.157747119894811,0.504286880979357,0.935894411365124,0.0173146796245037
iptw,RR,1.64852621753052,0.0956107125469962,1.3668217225697,1.98829053197676,1.71073835528225e-07
tmle,ATE,-0.00443217979768572,0.00159743868142537,-0.0075631020807906,-0.00130125751458083,0.00552774654645099
iptw,ATE,0.00665986860303577,0.00152904677844397,0.0036629919866086,0.00965674521946294,1.32721756755143e-05
tmle,RR,0.134714002875083,0.0668319057454548,0.118174920712718,0.15356779984431,1.15154075936519e-197
iptw,RR,0.148082604272235,0.0696652324705647,0.129182858503016,0.169747425797482,1.73814628807278e-165
tmle,ATE,-0.0116466244301542,0.000523655366804998,-0.0126729700894031,-0.0106202787709053,1.37818008047853e-109
iptw,ATE,-0.00847053099269635,0.000416910344583096,-0.0092876602528614,-0.0076534017325313,9.02445893600563e-92
tmle,RR,0.122434551878158,0.0647326022164178,0.107845866730567,0.138996699160069,6.60142652128962e-231
iptw,RR,0.149980857564503,0.0600070083192882,0.133339178281482,0.168699536968032,2.14926909886925e-219
tmle,ATE,-0.0126085223500225,0.000574315234214759,-0.0137341595248561,-0.0114828851751889,7.92897559127699e-107
iptw,ATE,-0.00858448031957648,0.000390764862690205,-0.00935036537687302,-0.00781859526227994,5.77629661525549e-107
tmle,RR,0.660547224817259,0.170338979707733,0.473054382096926,0.922351959366023,0.0149132476078055
iptw,RR,1.61984974670162,0.101102571364841,1.32866675203517,1.97484673855965,1.83556517960224e-06
tmle,ATE,-0.00457354124204213,0.00156339504368022,-0.00763773922126379,-0.00150934326282047,0.00344024059053001
iptw,ATE,0.0060828319545989,0.00152749905111552,0.00308898882799338,0.00907667508120442,6.82755365430942e-05
tmle,RR,0.710377622100135,0.160331880227802,0.51881739435721,0.972666628893318,0.0329397265845971
iptw,RR,1.7095735519012,0.0954088562617353,1.41799802099918,2.06110423715591,1.90423175576306e-08
tmle,ATE,-0.0038793298055599,0.00157468141899939,-0.00696564867392314,-0.00079301093719667,0.0137563004868514
iptw,ATE,0.00702426112267285,0.00152354807397963,0.00403816176895741,0.0100103604763883,4.01774290005922e-06
tmle,RR,0.609337350511099,0.179731810024426,0.428420067997979,0.866654095973949,0.00584708541398805
iptw,RR,1.66794058320322,0.0977987904883827,1.37700048867805,2.02035207102002,1.68556260877834e-07
tmle,ATE,-0.00540473521866918,0.00157696603729035,-0.0084955318566011,-0.00231393858073725,0.000609615864025474
iptw,ATE,0.00656698108157201,0.00152334867852642,0.00358127253576354,0.00955268962738048,1.62602402952062e-05
tmle,RR,0.689603266046249,0.164147636306443,0.499892462442995,0.95130993217543,0.0235709020194706
iptw,RR,1.62653774679027,0.0995718208314393,1.33816127835489,1.97705992881969,1.03190146320595e-06
tmle,ATE,-0.0041434207617729,0.00155317034355215,-0.00718757869699083,-0.00109926282655498,0.00763682865178641
iptw,ATE,0.00620662163477642,0.00152405713104859,0.00321952454753975,0.00919371872201308,4.65244439445874e-05
tmle,RR,0.188103628227701,0.0578401549334455,0.167943632860151,0.210683634442332,1.7976162167021e-183
iptw,RR,0.129099013852914,0.0704063479052665,0.112458667374036,0.148201608350579,7.10109423804387e-186
tmle,ATE,-0.0107809517952731,0.000504143252086066,-0.0117690544124107,-0.00979284917813552,1.85479228541669e-101
iptw,ATE,-0.00851149797963135,0.000382830858607439,-0.00926183267467247,-0.00776116328459022,1.64561461890968e-109
tmle,RR,0.672376845695956,0.161355927427186,0.490079272768555,0.922484683088296,0.0138935259848994
iptw,RR,1.74757394964515,0.0953394561282643,1.44971445768698,2.10663189104912,4.76528694454431e-09
tmle,ATE,-0.0046062278783604,0.00158413149724342,-0.00771106855973302,-0.00150138719698778,0.00364061634416482
iptw,ATE,0.00724333846080568,0.00152160339945488,0.00426105059912041,0.010225626322491,1.93274062785361e-06
tmle,RR,0.569271033260203,0.198631551526654,0.385694639167966,0.840223006490921,0.00456251969658663
iptw,RR,1.59762433258777,0.106787570169253,1.2959162088679,1.96957449147602,1.14723836703259e-05
tmle,ATE,-0.00577553598155905,0.00158436149106324,-0.00888082744253518,-0.00267024452058293,0.000267038736184684
iptw,ATE,0.00558575562463098,0.00152571089325238,0.00259541722303589,0.00857609402622607,0.000251150467428843
tmle,RR,0.635157367935939,0.167753747404787,0.457181966835459,0.882416436579408,0.00681713906392717
iptw,RR,1.48867886670791,0.102934570275944,1.21669845927038,1.82145769257546,0.000110881804185642
tmle,ATE,-0.00524311022770975,0.00160713160850684,-0.00839303029879908,-0.00209319015662042,0.00110472154965797
iptw,ATE,0.00508702177723426,0.00153065004100976,0.00208700282392037,0.00808704073054815,0.000889149216392454
tmle,RR,0.644761782858923,0.164351654817143,0.46720007658389,0.889806696255475,0.00757750776369896
iptw,RR,1.63450499765762,0.0945802027793428,1.35793642610611,1.96740181352127,2.04768115228219e-07
tmle,ATE,-0.00511204405800077,0.001593792286417,-0.00823581953821583,-0.00198826857778571,0.00133907116804246
iptw,ATE,0.00662812736930661,0.00152877617109002,0.00363178113354713,0.00962447360506608,1.45378028449077e-05
tmle,RR,0.630115179386651,0.169725986493896,0.45180280220603,0.878801851946931,0.00650520067269719
iptw,RR,1.52979800900706,0.100859305826438,1.25540107036109,1.86417074480334,2.49627542940098e-05
tmle,ATE,-0.00526750402477626,0.0015926543696709,-0.00838904922915157,-0.00214595882040095,0.000941749886172463
iptw,ATE,0.00550359077685958,0.00153163306099452,0.00250164513977947,0.00850553641393968,0.00032653781776782
tmle,RR,0.562282427560183,0.194833757709741,0.383805961284722,0.823753563609795,0.0031257927633414
iptw,RR,1.68035096310087,0.101547751940314,1.37709022667324,2.05039532232771,3.20589688759325e-07
tmle,ATE,-0.00605965374922561,0.00159592769580162,-0.00918761455492679,-0.00293169294352444,0.000146488770663777
iptw,ATE,0.0064336896367671,0.00152527898935064,0.00344419775126419,0.00942318152227,2.464337849622e-05
tmle,RR,0.641806785064721,0.177574671945767,0.453160940291862,0.908983790813513,0.0125121670378881
iptw,RR,1.73931506811796,0.0975396423306282,1.43665459187471,2.10573712240361,1.39071859483416e-08
tmle,ATE,-0.00474201593894174,0.00155712364292492,-0.0077939221985504,-0.00169010967933309,0.00232395058514646
iptw,ATE,0.0070377941471179,0.00152025603533281,0.00405814707058594,0.0100174412236499,3.66818970601771e-06
tmle,RR,0.242157002064385,0.0594703917194477,0.215514126315112,0.272093596143533,1.09728897067718e-125
iptw,RR,0.205521833715713,0.0626869825725369,0.181760165657928,0.232389885764976,1.46808107375584e-140
tmle,ATE,-0.0101322744857361,0.000567153769089845,-0.0112438754468484,-0.00902067352462388,2.20427243423275e-71
iptw,ATE,-0.0073900217429056,0.000386319892124283,-0.00814719481798059,-0.0066328486678306,1.44047412131297e-81
tmle,RR,0.155453701058958,0.0610233719888298,0.1379297273814,0.175204095822686,2.36423030294144e-204
iptw,RR,0.130910823269361,0.0650919500286012,0.115230961509205,0.148724296183998,3.41478706011752e-214
tmle,ATE,-0.0121772729291825,0.000582270965737406,-0.0133185030512711,-0.0110360428070938,4.04259176096753e-97
iptw,ATE,-0.00925305466250806,0.000424353254437787,-0.0100847717579285,-0.00842133756708764,2.07664619227485e-105
tmle,RR,0.655335374610322,0.172587105934347,0.467258489420607,0.919115356787162,0.0143386401562349
iptw,RR,1.6230700687203,0.105209745728152,1.32063429473708,1.99476604422134,4.15707342921643e-06
tmle,ATE,-0.004635930850925,0.00157663932036879,-0.00772608713545753,-0.00154577456639246,0.003278018117141
iptw,ATE,0.00579716535190779,0.00152003093619384,0.00281795946158115,0.00877637124223442,0.000136820218053303
tmle,RR,0.643047035751218,0.170239546253814,0.46061128725286,0.897740679900937,0.00949702303021164
iptw,RR,1.69670675661747,0.0988595295338374,1.39783981102089,2.0594733353952,8.8989092800045e-08
tmle,ATE,-0.00496170551890378,0.00158470345223318,-0.00806766721145709,-0.00185574382635046,0.00174212531136906
iptw,ATE,0.00666741126985073,0.00152005760013745,0.00368815311915494,0.00964666942054651,1.15301135829362e-05
tmle,RR,0.194487351148666,0.0647872807099118,0.171294858698026,0.220819994507288,6.28171173804496e-141
iptw,RR,0.240329064946212,0.0576852728146574,0.214636957479683,0.269096525296152,7.20719426204969e-135
tmle,ATE,-0.0106135015783958,0.000569938756795346,-0.0117305610151083,-0.00949644214168343,2.12392978044965e-77
iptw,ATE,-0.00737547448469189,0.000387152329612285,-0.00813427910726275,-0.00661666986212104,6.49844981468987e-81
tmle,RR,0.209853776589309,0.0616475184494348,0.185969758230213,0.236805209448518,1.61253704405726e-141
iptw,RR,0.230837758323972,0.059428865234685,0.205456982955877,0.259353904167278,2.3117831775148e-134
tmle,ATE,-0.0107946714005058,0.000578327280558258,-0.0119281720416769,-0.00966117075933458,9.47821374601388e-78
iptw,ATE,-0.00749906179302336,0.000402713866177132,-0.00828836646680542,-0.0067097571192413,2.15847658124862e-77
tmle,RR,0.240836203058763,0.0618748312113408,0.213330926659567,0.271887801792195,3.84460643861188e-117
iptw,RR,0.232848750256923,0.0604416773037506,0.206835872351655,0.262133158430229,1.87352825357181e-128
tmle,ATE,-0.0101679976071487,0.000581950647112648,-0.0113085999162693,-0.00902739529802818,2.33044232685483e-68
iptw,ATE,-0.00758135191105662,0.000406992555655434,-0.00837904266211719,-0.00678366115999606,1.91435411059634e-77
tmle,RR,0.104687106509477,0.0703726686889471,0.0911993771143614,0.120169573697679,1.19414887289312e-225
iptw,RR,0.0658257021126515,0.0835231075140765,0.0558856751639483,0.077533697963065,9.34339767884419e-233
tmle,ATE,-0.0120105728255341,0.000546422719303805,-0.013081541675704,-0.0109396039753642,4.4384313356774e-107
iptw,ATE,-0.00908938117212793,0.000387715056018532,-0.00984928871818819,-0.00832947362606768,1.54151923502001e-121
tmle,RR,0.700832107548143,0.155030175920618,0.517192317526329,0.949676989247559,0.0218469906160082
iptw,RR,1.61423634486329,0.0965450188376408,1.33594276490761,1.95050195676445,7.04980663952697e-07
tmle,ATE,-0.00422025619577016,0.00158421844064208,-0.00732526728307285,-0.00111524510846748,0.00772323041479543
iptw,ATE,0.00635925823946153,0.00153323127394233,0.00335418016256411,0.00936433631635895,3.35951745032803e-05
tmle,RR,0.628717221729009,0.178190380494272,0.443383400422833,0.891520396392106,0.00920433161960739
iptw,RR,1.56796454192202,0.105531646035447,1.27499222766613,1.92825709159421,2.02584539698565e-05
tmle,ATE,-0.00502883339421979,0.00157093938710739,-0.00810781801484571,-0.00194984877359387,0.00136873972662863
iptw,ATE,0.00553608057086267,0.0015345817597427,0.00252835559043488,0.00854380555129046,0.000309101873638817
tmle,RR,0.662876224689793,0.170460613966241,0.474609147927271,0.92582473637092,0.0158611988347911
iptw,RR,1.77744521912523,0.0936864123312017,1.47927938792774,2.13570981436906,8.28409657987701e-10
tmle,ATE,-0.00451334268188257,0.00155913531627249,-0.00756919174880112,-0.00145749361496403,0.00379432916045171
iptw,ATE,0.00760605894797544,0.0015239976268114,0.00461907848690059,0.0105930394090503,6.01110242743307e-07
tmle,RR,0.672273130398638,0.163649572624059,0.487805828163065,0.926498077232698,0.0152465625364575
iptw,RR,1.57325599177345,0.102344809176234,1.28731056913228,1.92271738848492,9.52637772187075e-06
tmle,ATE,-0.00453931335378789,0.00157890719783196,-0.00763391459646958,-0.00144471211110619,0.00404063839997533
iptw,ATE,0.00567945634947653,0.00152525037453617,0.00269002054797941,0.00866889215097364,0.000196384639032932
tmle,RR,0.204286627713045,0.0599815203819705,0.181628324482471,0.229771575448278,1.7064503232016e-154
iptw,RR,0.225208624500764,0.0585249317587654,0.200802218117818,0.2525814954881,4.06186055199752e-143
tmle,ATE,-0.0108619679161134,0.000578542683567819,-0.0119958907394254,-0.00972804509280128,1.21622776082319e-78
iptw,ATE,-0.0075581456268531,0.000406647016345395,-0.00835515913331074,-0.00676113212039546,4.13265811260919e-77
tmle,RR,0.67802465742617,0.166408707395432,0.489325827726628,0.939491459532573,0.0195411316845659
iptw,RR,1.71872076908452,0.0995351655759124,1.41410233207117,2.08895849691152,5.29541134791549e-08
tmle,ATE,-0.00434514515820858,0.00157484061805285,-0.00743177605098296,-0.0012585142654342,0.00579605243071445
iptw,ATE,0.00676571677465144,0.00152476739085451,0.0037772276037755,0.00975420594552738,9.11313603790392e-06
tmle,RR,0.243905072798046,0.0561444477409024,0.218489510863394,0.272277073171787,2.26997102595976e-139
iptw,RR,0.249553333440168,0.0558705522176222,0.223669246717847,0.278432851833495,2.956366918661e-136
tmle,ATE,-0.0100082505558349,0.000510920453023228,-0.0110096362427253,-0.00900686486894449,1.93182663659559e-85
iptw,ATE,-0.0073911811938885,0.000390496854572485,-0.00815654096492674,-0.00662582142285025,6.75290986515406e-80
tmle,RR,0.614050236873604,0.18395359877541,0.428175995451413,0.880613806962739,0.00802311815131677
iptw,RR,1.56759280126634,0.10131758255129,1.28526173487129,1.91194301044692,9.1241860857089e-06
tmle,ATE,-0.0051682307762131,0.00157386657430902,-0.00825295257833021,-0.00208350897409599,0.00102425028913013
iptw,ATE,0.00567832796200638,0.00152182286666938,0.0026956099524849,0.00866104597152786,0.000190518911510046
tmle,RR,0.149553322270841,0.0684058936056112,0.13078829040911,0.171010693176613,8.25364531620331e-170
iptw,RR,0.142014702422312,0.0687690663545613,0.124107198618218,0.162506090933046,3.34383403922582e-177
tmle,ATE,-0.0118364985374932,0.000584731144474765,-0.0129825505213026,-0.0106904465536837,4.1252230339453e-91
iptw,ATE,-0.00873081074980692,0.000414417499756117,-0.00954305412389204,-0.00791856737572179,1.57495586963466e-98
tmle,RR,0.722614942451837,0.156548048444037,0.531683272939237,0.982111684966151,0.0379619245538173
iptw,RR,1.69786594445051,0.096086670380828,1.40641754410008,2.04971046999376,3.60224220485417e-08
tmle,ATE,-0.00373236854112381,0.00156041644129367,-0.00679072856694357,-0.000674008515304058,0.0167611610629329
iptw,ATE,0.00692866499882718,0.00152850507071099,0.0039328501100468,0.00992447988760756,5.81605521982253e-06
tmle,RR,0.140808691974839,0.0668158597608607,0.123525238543708,0.160510418513779,3.23985722490786e-189
iptw,RR,0.147088746954873,0.0660610271153467,0.129225493690092,0.167421294846355,4.3345209513613e-185
tmle,ATE,-0.0116772056037927,0.000580237553734684,-0.0128144503115903,-0.0105399608959951,4.46938645249991e-90
iptw,ATE,-0.00845549975840028,0.00040020363327682,-0.00923988446610492,-0.00767111505069564,4.3984480575768e-99
