estimator,parameter,estimate,std.dev,ci.lb,ci.ub,pvalue
tmle,RR,0.647820028740202,0.168040862044123,0.466034137003093,0.900515126071485,0.00977886412486277
iptw,RR,1.587837531866,0.0982977813181177,1.30958846177337,1.92520635390159,2.55364123609207e-06
tmle,ATE,-0.00492585287063084,0.00158529082841969,-0.0080329657993551,-0.00181873994190658,0.00188853578077236
iptw,ATE,0.00603172107152599,0.00152446755051044,0.00304381957692554,0.00901962256612644,7.60214088726142e-05
tmle,RR,0.772056279247916,0.14584383379568,0.580104805492348,1.02752277292417,0.0760961942886308
iptw,RR,1.64583893507246,0.094174851289696,1.36843934787202,1.97947085080003,1.2185362618338e-07
tmle,ATE,-0.00310326072041432,0.00157338320130849,-0.0061870351288593,-1.94863119693488e-05,0.0485697841329941
iptw,ATE,0.00679106106763358,0.00153095302740119,0.00379044827190468,0.00979167386336248,9.1714398677961e-06
tmle,RR,0.195571611238776,0.0593467772704477,0.174096381791906,0.219695864605896,1.93324017830559e-166
iptw,RR,0.194825781415593,0.0624511198572342,0.172380421063986,0.22019371382152,3.37601534291366e-151
tmle,ATE,-0.0105163107266009,0.000509346515992382,-0.0115146115535969,-0.00951800989960485,1.04579506386577e-94
iptw,ATE,-0.0076836722870051,0.00039561340204708,-0.00845906030681874,-0.00690828426719146,5.01226630500807e-84
tmle,RR,0.593764931552217,0.178309437971507,0.418636677819429,0.842154576081546,0.00346219162547108
iptw,RR,1.47242415720686,0.106729540411661,1.19449568308321,1.81501945082819,0.000288798640901673
tmle,ATE,-0.00582468847214447,0.00158806381132036,-0.00893723634748379,-0.00271214059680515,0.000244653638606573
iptw,ATE,0.00476031901431457,0.00152711957504266,0.00176721964714484,0.0077534183814843,0.00182585015092585
tmle,RR,0.21666294851233,0.0550098024184795,0.194518190250659,0.241328757981787,4.04133369020172e-170
iptw,RR,0.203440120453877,0.0590794770183716,0.181195773089787,0.228415276496431,5.22609381460037e-160
tmle,ATE,-0.0108316327398071,0.000520028774095283,-0.0118508704079584,-0.00981239507165584,2.36786714124737e-96
iptw,ATE,-0.008059826114698,0.0003950419356569,-0.00883409408096852,-0.00728555814842749,1.5902122325693e-92
tmle,RR,0.0778477944144807,0.0798018268123206,0.0665761802857147,0.0910277379866387,1.42039560205236e-224
iptw,RR,0.0563614035693681,0.107136579461771,0.0456864042296289,0.0695307031900107,9.92008082856665e-159
tmle,ATE,-0.0122577869797987,0.000506465485802104,-0.0132504410913834,-0.011265132868214,2.08828496505213e-129
iptw,ATE,-0.00941912295770785,0.000391344353041678,-0.0101861437952227,-0.00865210212019304,5.32794279873881e-128
tmle,RR,0.593344749895247,0.202335074827608,0.399097655016366,0.882134955701045,0.00988636945470937
iptw,RR,1.63801795721683,0.104818350558033,1.33381966707124,2.01159339182357,2.50133891755577e-06
tmle,ATE,-0.00509726753992801,0.00155268478737628,-0.00814047380252875,-0.00205406127732726,0.00102754811871666
iptw,ATE,0.00590028488515789,0.00151709058297568,0.00292684198124068,0.00887372778907509,0.000100570787923695
tmle,RR,0.696418258313093,0.156216595657821,0.512741348678941,0.94589287905378,0.0205557461119487
iptw,RR,1.61307824445899,0.0953852103061968,1.33802243584791,1.94467697479077,5.36514698333319e-07
tmle,ATE,-0.00425281150293103,0.00156970267585281,-0.0073293722140387,-0.00117625079182337,0.00674232652548187
iptw,ATE,0.0064651454501349,0.00153449192227876,0.00345759654790089,0.00947269435236891,2.51760430137661e-05
tmle,RR,0.195323127371599,0.061666053864747,0.173086592845351,0.220416402328221,1.52293218387899e-154
iptw,RR,0.191460144479434,0.061239123582797,0.169805419014564,0.215876425716083,1.74837739550659e-160
tmle,ATE,-0.0117150494525495,0.000654474071504693,-0.012997795061514,-0.010432303843585,1.1803982787654e-71
iptw,ATE,-0.00830547477507786,0.000421355333729145,-0.00913131605388084,-0.00747963349627488,1.72370411517646e-86
tmle,RR,0.234655558551318,0.0558306920630227,0.21033312533526,0.261790581351669,1.23540113223557e-148
iptw,RR,0.193302001132893,0.0612556139480871,0.171433415163812,0.217960212752436,1.43535610482266e-158
tmle,ATE,-0.0102973667230458,0.000514342867390943,-0.0113054602188371,-0.0092892732272545,3.65533504418153e-89
iptw,ATE,-0.00808391968105493,0.000401142305906977,-0.00887014415330796,-0.00729769520880191,2.57160813189413e-90
tmle,RR,0.220925385522744,0.0553967676435549,0.198194595378575,0.246263153014561,1.38608037943918e-163
iptw,RR,0.204748000888952,0.0597327165072342,0.182127316908655,0.230178232346376,2.48753217044023e-155
tmle,ATE,-0.0109289421507381,0.000527589907085967,-0.0119629993672334,-0.00989488493424273,2.54533551023947e-95
iptw,ATE,-0.00844924010902485,0.000411223698205484,-0.00925522374709697,-0.00764325647095274,8.25821438476604e-94
tmle,RR,0.50365717307773,0.206430322185415,0.336063398331366,0.754829443647194,0.000892228678682006
iptw,RR,1.32662965349103,0.109858536751394,1.06964076176501,1.64536197612521,0.0100885885126721
tmle,ATE,-0.00716002897809274,0.0015679320154386,-0.0102331192585597,-0.00408693869762578,4.95833350816158e-06
iptw,ATE,0.00352614579132222,0.00153172772085228,0.000524014624330126,0.00652827695831432,0.0213311749665229
tmle,RR,0.184534315526086,0.0620535997457417,0.163401868515647,0.208399780957341,2.62593961603207e-163
iptw,RR,0.155489674241842,0.0656880266425914,0.136706071755581,0.17685416957237,1.33435984931494e-176
tmle,ATE,-0.0112461788992231,0.000604313577560809,-0.0124306117466108,-0.0100617460518353,2.67415588042918e-77
iptw,ATE,-0.00831340398508319,0.000401327871447573,-0.00909999215911256,-0.00752681581105383,2.55059603233058e-95
tmle,RR,0.626582397300464,0.180406487986317,0.439962751079067,0.892360772915162,0.00956331063782842
iptw,RR,1.62171804826848,0.100555657213459,1.33162585674057,1.97500627880351,1.5233778480517e-06
tmle,ATE,-0.00498705840648191,0.00155797864928864,-0.00804064044777,-0.00193347636519383,0.00136961065857222
iptw,ATE,0.00608998472465087,0.00152287728450947,0.00310520009413815,0.0090747693551636,6.36109511758309e-05
tmle,RR,0.204016683442003,0.0560335046893627,0.182797342461945,0.227699191695522,5.03326452796226e-177
iptw,RR,0.227060731757506,0.058280227341389,0.202550730443626,0.254536608154091,9.5624108963719e-143
tmle,ATE,-0.0106810814297228,0.000516745085036898,-0.0116938831855832,-0.00966827967386236,6.46184514166688e-95
iptw,ATE,-0.00782330721861974,0.000414719678163155,-0.00863614285149956,-0.00701047158573991,2.25135199029976e-79
tmle,RR,0.676060671152401,0.160504391896034,0.493587424304889,0.92599205039047,0.0147273982296337
iptw,RR,1.65621302106713,0.0957938902363645,1.37270206663236,1.9982788966595,1.387716343768e-07
tmle,ATE,-0.0045393706895179,0.00158051212165098,-0.0076371175250828,-0.001441623853953,0.00407768753873586
iptw,ATE,0.00667742612414607,0.00152298699395818,0.00369242646706511,0.00966242578122703,1.16291180540286e-05
tmle,RR,0.621293799267495,0.169224232686258,0.445916036526632,0.865647237123269,0.0049150754810558
iptw,RR,1.47185047817063,0.103295456426416,1.20209403294326,1.80214173826897,0.000182640038508542
tmle,ATE,-0.00546776695538139,0.0015838891416338,-0.0085721326284877,-0.00236340128227508,0.000556211273713092
iptw,ATE,0.00494839452464178,0.00153167286756398,0.00194637086811918,0.00795041818116437,0.00123482120430649
tmle,RR,0.690286385270679,0.165730805127272,0.498837381280206,0.955211681344314,0.0253222864373046
iptw,RR,1.60240118586804,0.104152293540919,1.30652181246175,1.96528640852407,5.98111484326218e-06
tmle,ATE,-0.00411143155898785,0.00156024877204553,-0.00716946295911994,-0.00105340015885577,0.00841093189586354
iptw,ATE,0.00577305445042884,0.00152611731182096,0.00278191948307668,0.008764189417781,0.00015505037845034
tmle,RR,0.664993259915124,0.16325492265564,0.482896882192818,0.915756659526267,0.0124535006985932
iptw,RR,1.63736034607288,0.0974371199750725,1.35271293055879,1.98190528258235,4.18049202817475e-07
tmle,ATE,-0.00467508270173493,0.00156291830414684,-0.00773834628864115,-0.00161181911482871,0.00277835995257081
iptw,ATE,0.00644054135309143,0.00152870304935421,0.00344433843330062,0.00943674427288224,2.51916817077252e-05
tmle,RR,0.608593211866054,0.17476697655414,0.432081014393635,0.85721354373606,0.00448979591638921
iptw,RR,1.55810326477224,0.0969617541030278,1.28843419613467,1.8842140258129,4.79297916078594e-06
tmle,ATE,-0.00559016121587035,0.00158771251568361,-0.00870202056441371,-0.00247830186732699,0.000430100898268713
iptw,ATE,0.00592248151449045,0.00152934950212245,0.00292501157055619,0.00891995145842471,0.000107702832001427
tmle,RR,0.661655025167417,0.171153075921124,0.473092270937236,0.925374180098103,0.0158171035107003
iptw,RR,1.62998128724786,0.101226930562642,1.33665121985905,1.98768306743352,1.38975757202374e-06
tmle,ATE,-0.00453042340733252,0.00156218849046664,-0.00759225658571013,-0.0014685902289549,0.00373104148250973
iptw,ATE,0.00612829282485357,0.00152726880681346,0.00313490096878772,0.00912168468091941,6.00579561541601e-05
tmle,RR,0.565083601540338,0.195268093373832,0.385389787499951,0.828562372659759,0.00346602658417792
iptw,RR,1.51026119073984,0.107748833999008,1.22274554359411,1.86538309315815,0.000130067832290909
tmle,ATE,-0.00595982273108169,0.00158080011747593,-0.00905813402809119,-0.00286151143407219,0.00016316221015701
iptw,ATE,0.00500378185989681,0.00152952634568459,0.00200596530894987,0.00800159841084376,0.00106994316361547
tmle,RR,0.589397717035339,0.188132605073226,0.407633328905215,0.852211152065159,0.00495403039427377
iptw,RR,1.67468790763484,0.0995108637622971,1.37793929007544,2.03534336249662,2.19974797316593e-07
tmle,ATE,-0.00564045356416197,0.00159800160592424,-0.00877247915901065,-0.00250842796931329,0.00041604362356495
iptw,ATE,0.00657795356429085,0.00153230545697311,0.00357469005530937,0.00958121707327233,1.76396211471934e-05
tmle,RR,0.611016981363384,0.17680772360299,0.432070159398952,0.864076686142299,0.00533217235371632
iptw,RR,1.78726686658189,0.0922360703735132,1.49168773470358,2.14141524265881,3.0608129152925e-10
tmle,ATE,-0.00546115292171074,0.00157816808194891,-0.00855430552388126,-0.00236800031954022,0.000539297253746554
iptw,ATE,0.00777481221426054,0.00152341344800825,0.0047889767226004,0.0107606477059207,3.33345579627302e-07
tmle,RR,0.718813988723745,0.153489345607875,0.532066789979796,0.971106560521398,0.0314777009618147
iptw,RR,1.68421072967978,0.0936251777276079,1.4018531893723,2.02343997465141,2.57805318100481e-08
tmle,ATE,-0.00387365917764639,0.00156089363810794,-0.00693295449203565,-0.000814363863257127,0.013075979231719
iptw,ATE,0.00704594183868144,0.00152736285312993,0.00405236565522244,0.0100395180221405,3.96626992336744e-06
tmle,RR,0.199107968247854,0.0625737975239638,0.176126914817259,0.225087591302676,1.08818794658614e-146
iptw,RR,0.170652388181704,0.06351888842891,0.150676316429997,0.193276808738876,1.58107048494037e-170
tmle,ATE,-0.0109726145575453,0.00057353434496383,-0.0120967212175712,-0.00984850789751945,1.378495117441e-81
iptw,ATE,-0.00807168631835398,0.000391101946943551,-0.00883823204864683,-0.00730514058806112,1.24314024557377e-94
tmle,RR,0.59720966027564,0.182122041514866,0.417930687468279,0.853393610522117,0.00464828111394167
iptw,RR,1.55267455144958,0.104918014431288,1.26407854191649,1.90715860033832,2.74622260958511e-05
tmle,ATE,-0.00561440937549432,0.00158337052478119,-0.00871775857824773,-0.00251106017274091,0.000391334834688374
iptw,ATE,0.0053778276878933,0.00152176966437484,0.002395213952953,0.0083604414228336,0.000409429275960734
tmle,RR,0.589033915246633,0.188920168215862,0.406753372501179,0.853000802863097,0.00508559083291809
iptw,RR,1.52309722306795,0.104228422689292,1.24167584339605,1.86830174981294,5.41927292142079e-05
tmle,ATE,-0.00561797674947138,0.00159362489249539,-0.00874142414362886,-0.0024945293553139,0.000423032599446893
iptw,ATE,0.00528677367236206,0.00153429694387819,0.00227960692077094,0.00829394042395318,0.000569518170170035
tmle,RR,0.228004660735612,0.0558356596981217,0.20436961414706,0.254373065849963,1.76004973664897e-154
iptw,RR,0.228676164513131,0.0550132580552804,0.205302164998758,0.254711333495937,1.89538756082646e-158
tmle,ATE,-0.0106729990429964,0.000523406426166569,-0.0116988567875597,-0.00964714129843314,1.99286898925503e-92
iptw,ATE,-0.00775857453795885,0.000397674760099546,-0.00853800274531457,-0.00697914633060314,9.0549097628327e-85
tmle,RR,0.549448538263261,0.198627871113674,0.372267113564583,0.810959886595677,0.00257076827234579
iptw,RR,1.61289884009119,0.102532498287128,1.31926277647637,1.97189120678119,3.12756956104429e-06
tmle,ATE,-0.00625432889283481,0.00159139857359374,-0.00937341278212696,-0.00313524500354266,8.49164523273966e-05
iptw,ATE,0.00598390404387659,0.00153280874883357,0.00297965410097489,0.00898815398677829,9.46620599758331e-05
tmle,RR,0.700797306141046,0.161606879702891,0.510543085037582,0.961949889612932,0.0278062593284889
iptw,RR,1.75074729361835,0.0938405304679762,1.45661996852346,2.10426614514904,2.40141172053523e-09
tmle,ATE,-0.00401207606701347,0.00156534336606711,-0.00708009268794371,-0.000944059446083237,0.0103752761385425
iptw,ATE,0.00736894775021854,0.00151923642488206,0.00439129907344832,0.0103465964269888,1.23194998366975e-06
tmle,RR,0.648347949326172,0.176035381469043,0.459162649451188,0.915481831760227,0.0138320863427418
iptw,RR,1.62346041937732,0.10209908055792,1.32903007823325,1.98311819758696,2.07501845659034e-06
tmle,ATE,-0.00466152815068617,0.00156079386863912,-0.00772062792050978,-0.00160242838086255,0.00282062394749466
iptw,ATE,0.00604357641361075,0.00152586445225673,0.00305293704189762,0.00903421578532388,7.47129227104596e-05
tmle,RR,0.543201616291728,0.192950949196008,0.372152471727053,0.792868564254374,0.00156233315616749
iptw,RR,1.62591192718386,0.0966147226442795,1.3454216624148,1.96487812617342,4.87923545464836e-07
tmle,ATE,-0.00659094494550976,0.00159125646316,-0.00970975030346994,-0.00347213958754958,3.44327452098802e-05
iptw,ATE,0.00644196081814418,0.00152989145577469,0.00344342866457023,0.00944049297171813,2.54546109436585e-05
tmle,RR,0.203667009645343,0.0565174607081568,0.182311026813054,0.227524640407029,2.06088313370549e-174
iptw,RR,0.177974780978589,0.0632279998439749,0.157231188092245,0.201455086924572,4.26177539701215e-164
tmle,ATE,-0.0105643848879048,0.000522357944051757,-0.0115881876452846,-0.00954058213052495,5.9691811492173e-91
iptw,ATE,-0.00810512058335821,0.000400682640068518,-0.00889044412712293,-0.00731979703959349,5.51950428500854e-91
tmle,RR,0.61275647653283,0.178480678267659,0.43188177880922,0.869382590226825,0.00606575239170252
iptw,RR,1.70880634207136,0.0957890805712409,1.41630580107041,2.06171514124734,2.22552500494273e-08
tmle,ATE,-0.00537380815691928,0.0015851537705553,-0.00848065245716553,-0.00226696385667303,0.000698706121193678
iptw,ATE,0.00698073639926037,0.00152070184264605,0.00400021555645043,0.00996125724207032,4.42248727127951e-06
tmle,RR,0.654526693936488,0.161984618471565,0.476481239804556,0.899101910604399,0.00888200524300946
iptw,RR,1.63407684405046,0.0955505562032131,1.35500124703681,1.97063075631942,2.75532788556587e-07
tmle,ATE,-0.00499125447948178,0.00159500121135314,-0.00811739940903169,-0.00186510954993188,0.00175216884009029
iptw,ATE,0.00662256587008407,0.0015370906778543,0.00360992350051739,0.00963520823965075,1.6436031185883e-05
tmle,RR,0.677276387028933,0.166481171874986,0.488716389793248,0.938587929537253,0.0192496830525974
iptw,RR,1.66102310898389,0.0958500955732666,1.37653711422883,2.00430321860532,1.19646637606669e-07
tmle,ATE,-0.00433996052962659,0.00155994314927366,-0.00739739292013296,-0.00128252813912023,0.0054003841336838
iptw,ATE,0.00671049866698815,0.00152762636411169,0.00371640601149536,0.00970459132248094,1.11919754727479e-05
tmle,RR,0.676769456828774,0.163569646294303,0.491145325577225,0.932548624295718,0.0169910524550546
iptw,RR,1.74628378865545,0.0924349132137034,1.45691455330452,2.09312691921708,1.62784413346991e-09
tmle,ATE,-0.00446014044138779,0.00158605983474192,-0.00756876059480751,-0.00135152028796807,0.0049220975946336
iptw,ATE,0.00756674255128374,0.00152939443226298,0.00456918454589222,0.0105643005566753,7.51566516017454e-07
tmle,RR,0.619845175624737,0.172582118239418,0.441958061457449,0.869331448504988,0.00558242913271156
iptw,RR,1.56052978974523,0.100834779964549,1.28068211111401,1.90152825869018,1.01754348232832e-05
tmle,ATE,-0.00540397817397609,0.00158721428071215,-0.00851486099991956,-0.00229309534803263,0.000662383489441771
iptw,ATE,0.00568899782697466,0.0015260341422854,0.0026980258689168,0.00867996978503252,0.000193034207084576
tmle,RR,0.70053685229706,0.162009285943503,0.509950981984914,0.962351086208501,0.0280319518062425
iptw,RR,1.65308520135769,0.0998185071419203,1.35934461381973,2.01030015138618,4.76421979096742e-07
tmle,ATE,-0.00405970701642389,0.00159871446336428,-0.00719312978618115,-0.000926284246666631,0.0111056385013384
iptw,ATE,0.0063842057254651,0.00152815013131226,0.00338908650512293,0.00937932494580728,2.94426878666092e-05
tmle,RR,0.586890449369119,0.182877024793245,0.410101952009713,0.839889685656822,0.0035674582270206
iptw,RR,1.45783663906747,0.108126633094935,1.17942764729254,1.80196527619671,0.000489891973757618
tmle,ATE,-0.00583093572433807,0.00158717538423684,-0.00894174231459079,-0.00272012913408535,0.000238987023363646
iptw,ATE,0.00457990784627653,0.00152337138787756,0.0015941547909577,0.00756566090159535,0.00264335817030987
tmle,RR,0.57361381815636,0.193961840170712,0.392210293170724,0.838919370830215,0.00416342820493053
iptw,RR,1.57436267526482,0.107645432510639,1.27490207142848,1.94416331168857,2.48495711500965e-05
tmle,ATE,-0.00579251010662264,0.00157998563123149,-0.00888922503992714,-0.00269579517331813,0.000246201644189231
iptw,ATE,0.00537420887474182,0.00152065813773783,0.00239377369197793,0.00835464405750571,0.000409114373813124
tmle,RR,0.567190001288206,0.194195561777547,0.387640374445069,0.82990451658152,0.0034997417781041
iptw,RR,1.54989550321436,0.104932445456063,1.26178034701148,1.90379892710615,2.96808799370272e-05
tmle,ATE,-0.00596455091706035,0.0015863763131964,-0.00907379135685273,-0.00285531047726796,0.000170009296217107
iptw,ATE,0.00541482037741727,0.00153209956648905,0.0024119604063693,0.00841768034846523,0.000408936626533483
tmle,RR,0.1620228815603,0.0648938213630362,0.142671961103979,0.183998411082126,4.45860982527048e-173
iptw,RR,0.160807731303706,0.0635396440687861,0.141978270588985,0.182134395212523,6.35780631031569e-182
tmle,ATE,-0.0118811634299332,0.000596847099048722,-0.0130509622483459,-0.0107113646115205,3.57112404688787e-88
iptw,ATE,-0.00886700822921901,0.000414688069336097,-0.00967978190993621,-0.00805423454850182,1.95027800209733e-101
tmle,RR,0.236995235072169,0.0605873564653254,0.21045902932896,0.26687731871613,8.13401202728824e-125
iptw,RR,0.233587876680017,0.0597144845282477,0.207788370619214,0.262590711738482,5.45448084074759e-131
tmle,ATE,-0.0103009657081024,0.000593382809971816,-0.0114639746446924,-0.00913795677151251,1.6650292566484e-67
iptw,ATE,-0.00723819279986037,0.000397979707305189,-0.00801821869275634,-0.00645816690696441,6.50184371485086e-74
tmle,RR,0.626473964023797,0.182510994156903,0.438075925094823,0.895894079353341,0.0103981222355157
iptw,RR,1.678510761089,0.0987679611834641,1.38309715794982,2.0370213031656,1.57410580847141e-07
tmle,ATE,-0.0049513719255069,0.00157482100892485,-0.00803796438509663,-0.00186477946591717,0.00166606744168888
iptw,ATE,0.00661544775420811,0.00152585781064882,0.00362482139980729,0.00960607410860893,1.45389654162405e-05
tmle,RR,0.252145667655758,0.0614202928617439,0.2235478320564,0.284401942674746,1.94055735648812e-111
iptw,RR,0.240952038172971,0.0574403144327563,0.215296673648362,0.269664568968367,1.61548355016016e-135
tmle,ATE,-0.0105493158466941,0.0006710494934878,-0.011864548685774,-0.00923408300761416,1.09244838077493e-55
iptw,ATE,-0.00754026411276006,0.000411789438053697,-0.0083473565805593,-0.00673317164496083,6.76536086106381e-75
tmle,RR,0.635557377469275,0.176359835376275,0.449818176110014,0.897992125504575,0.0101684985438816
iptw,RR,1.73488148705777,0.10003892591827,1.42599014644603,2.11068343048308,3.64488083701007e-08
tmle,ATE,-0.00495290167004871,0.00158756996438845,-0.00806448162318761,-0.0018413217169098,0.00180973524416978
iptw,ATE,0.00683701593796219,0.00152234377997191,0.00385327695712868,0.00982075491879571,7.08523836250918e-06
tmle,RR,0.152417892982722,0.0684399432971145,0.133284537194859,0.174297893740886,2.59265472172707e-166
iptw,RR,0.105728023558922,0.0832438322261426,0.0898116831003458,0.124465042629103,1.85399973637428e-160
tmle,ATE,-0.0112663055698399,0.000580162586057977,-0.0124034033436912,-0.0101292077959887,5.30889316930669e-84
iptw,ATE,-0.00847963320807797,0.000392229936022623,-0.00924838975634075,-0.00771087665981518,1.18934935216155e-103
tmle,RR,0.568640269055081,0.182476422461727,0.397661365264136,0.813133444271753,0.00197750471379019
iptw,RR,1.62459551858887,0.0962203480975358,1.3453718675765,1.96177031988441,4.57800006407453e-07
tmle,ATE,-0.00627111412549832,0.00158123282955769,-0.00937027352260374,-0.0031719547283929,7.30995765664176e-05
iptw,ATE,0.00643829544898503,0.00152534018189477,0.00344868362829951,0.00942790726967056,2.43338017336515e-05
tmle,RR,0.151030056229586,0.0666750334227448,0.132528564153427,0.172114427032538,8.23140810867429e-177
iptw,RR,0.115307127823101,0.0750161403465208,0.0995410689057621,0.133570333059216,2.41526525160092e-182
tmle,ATE,-0.0118513211267609,0.000559975725427925,-0.0129488533808163,-0.0107537888727054,2.05106087670119e-99
iptw,ATE,-0.00891994175604108,0.00039902931540959,-0.00970202484301954,-0.00813785866906261,1.10146856328982e-110
tmle,RR,0.216008474934808,0.0658030064341618,0.18987123275074,0.245743710448837,5.83029618292786e-120
iptw,RR,0.203536440806412,0.0627632871992911,0.179977398063336,0.230179362419516,6.34310076322214e-142
tmle,ATE,-0.01067513318025,0.000662775215989167,-0.0119741487334346,-0.00937611762706553,2.28854182226963e-58
iptw,ATE,-0.00758309843006262,0.000390936356919893,-0.0083493196098729,-0.00681687725025233,8.13783390118215e-84
tmle,RR,0.158407106334523,0.0659914474456104,0.13918827058566,0.180279640171506,1.45885001243658e-171
iptw,RR,0.113661319194241,0.0685616630476672,0.0993694529457991,0.130008720970032,9.219140929236e-221
tmle,ATE,-0.0111744820967915,0.000498280577256111,-0.0121510940824093,-0.0101978701111737,2.19093450291764e-111
iptw,ATE,-0.0088526358555695,0.000388620875036836,-0.00961431877428214,-0.00809095293685686,7.30213364582012e-115
tmle,RR,0.232364953129545,0.059548163388818,0.206767909465724,0.261130808849457,1.19409979111617e-132
iptw,RR,0.312546230616615,0.0541640772891304,0.281066910167854,0.34755121552486,2.85434010370533e-102
tmle,ATE,-0.0104194968871462,0.000573187574578586,-0.0115429238897061,-0.00929606988458633,7.686645669906e-74
iptw,ATE,-0.00648007361218868,0.000385111238543313,-0.00723487776977519,-0.00572526945460218,1.5606310829951e-63
tmle,RR,0.19421226375158,0.0604514796485728,0.17251237638396,0.218641724043981,7.62832615979596e-162
iptw,RR,0.23157860103705,0.0564169913511053,0.207336706670298,0.258654867821144,3.13787594462571e-148
tmle,ATE,-0.0109831712943264,0.000519741478353612,-0.0120018458731711,-0.00996449671548172,4.04157596626106e-99
iptw,ATE,-0.0076138152025815,0.000393980011294636,-0.00838600183534767,-0.00684162856981533,3.28527049668348e-83
tmle,RR,0.702690651632962,0.155767921189338,0.517814587572775,0.953573274570909,0.0235031541992959
iptw,RR,1.60033649878375,0.0969562771708073,1.32337210956939,1.93526589446771,1.23615804228502e-06
tmle,ATE,-0.00414043417317247,0.00157655903481326,-0.0072304331009077,-0.00105043524543725,0.00863320263917323
iptw,ATE,0.00623466253736632,0.00152779422981455,0.00324024087114169,0.00922908420359095,4.48759251849741e-05
tmle,RR,0.643549575725934,0.171658251367039,0.45969125276596,0.900943957330175,0.0102394084006107
iptw,RR,1.68405568641713,0.0970119438863554,1.39245039211074,2.03672861239593,7.76155169539831e-08
tmle,ATE,-0.00494026853813707,0.00160050829904955,-0.00807720716123166,-0.00180332991504249,0.00202400433430719
iptw,ATE,0.00679281197616801,0.00153012344850051,0.00379382512520678,0.00979179882712924,9.02149652076323e-06
tmle,RR,0.221578289924248,0.0569613401585768,0.198171695751275,0.247749500147466,3.09797409928655e-154
iptw,RR,0.17710791995242,0.060376001597556,0.157342424070187,0.199356375085976,8.96175372216222e-181
tmle,ATE,-0.0104097373616631,0.000513062429038894,-0.0114153212444,-0.00940415347892622,1.5947631546122e-91
iptw,ATE,-0.00807980212771036,0.000392625257523331,-0.00884933349187685,-0.00731027076354387,4.24059847506919e-94
tmle,RR,0.178083574101724,0.0637782620346364,0.157157715893073,0.201795751386597,3.36203273139793e-161
iptw,RR,0.1779602986746,0.0641859490574948,0.156923485930717,0.201817259644202,2.60548827953107e-159
tmle,ATE,-0.0114163045557544,0.000572562422530587,-0.0125385062828154,-0.0102941028286935,1.86875607659436e-88
iptw,ATE,-0.00811530444283871,0.000397070640805599,-0.00889354859813593,-0.0073370602875415,7.69238293525129e-93
tmle,RR,0.58913763198129,0.186827577207879,0.408496973028219,0.849659048495679,0.00462580396372243
iptw,RR,1.52114082711885,0.103466627728867,1.24193386530585,1.86311806173188,5.03348803310217e-05
tmle,ATE,-0.00564770934249505,0.0015677100719098,-0.00872036462163895,-0.00257505406335115,0.000315145246039166
iptw,ATE,0.00529110059931574,0.00153176372506593,0.0022888988653616,0.00829330233326988,0.000551817890784375
tmle,RR,0.198929739334799,0.060610631040093,0.176647644562438,0.224022467380388,2.20083806387038e-156
iptw,RR,0.182046540116515,0.0589702939327621,0.162176089486899,0.204351596300336,1.72369033199295e-183
tmle,ATE,-0.0109165631208145,0.00051757716094293,-0.0119309957154832,-0.00990213052614591,9.48671938542251e-99
iptw,ATE,-0.00803629534091342,0.000387515361532148,-0.00879581149297245,-0.0072767791888544,1.57317476540332e-95
tmle,RR,0.733644981084214,0.152949382719717,0.543619717133369,0.990094621858625,0.0428622995248313
iptw,RR,1.70302760521419,0.0974448318844427,1.40694297854045,2.06142186880262,4.6635764718547e-08
tmle,ATE,-0.00361732457489732,0.00156536519985032,-0.00668538398925628,-0.000549265160538355,0.0208411274161137
iptw,ATE,0.00694056215751098,0.00153326776156862,0.00393541256618013,0.00994571174884182,5.99268730548373e-06
tmle,RR,0.624210791173692,0.169894897999383,0.447421112141708,0.870855445226017,0.00553930066814011
iptw,RR,1.56614766545814,0.100406793543305,1.28637114534983,1.90677357688472,7.89494026902721e-06
tmle,ATE,-0.00538985781587598,0.00158533188583884,-0.00849705121566306,-0.00228266441608889,0.000674279301692853
iptw,ATE,0.00578175551278538,0.00153113947273246,0.00278077729092212,0.00878273373464864,0.000159294810846745
tmle,RR,0.184732292839901,0.0594988687041436,0.164398288429696,0.20758135832102,3.13882352229285e-177
iptw,RR,0.155414233365767,0.0648511487360218,0.136864051682105,0.176478656271049,3.14872454084226e-181
tmle,ATE,-0.0113188649970552,0.000537322560546881,-0.0123719978638079,-0.0102657321303025,1.65547500501259e-98
iptw,ATE,-0.00865222318074401,0.000412510812031356,-0.00946072951555884,-0.00784371684592918,1.12052526240489e-97
tmle,RR,0.80028859132751,0.146958753599756,0.600005329398883,1.06742690110873,0.129530697264602
iptw,RR,1.74600474038651,0.0942467819256431,1.45151795472496,2.10023757786022,3.34874083697641e-09
tmle,ATE,-0.00259166133461432,0.00155504712233957,-0.00563949768866254,0.000456175019433889,0.0955914353477574
iptw,ATE,0.00734968345669962,0.00152294820532405,0.00436475982394456,0.0103346070894547,1.39332155553593e-06
tmle,RR,0.684060950596216,0.165629736270105,0.494436487428379,0.946409490457317,0.0218760816874165
iptw,RR,1.72378957059158,0.0939472124231145,1.43389132268581,2.07229825347885,6.78848421141497e-09
tmle,ATE,-0.00425939153433783,0.0015823033576152,-0.00736064912788043,-0.00115813394079524,0.00710477083698
iptw,ATE,0.00727796269175794,0.00153121028953588,0.00427684567151047,0.0102790797120054,2.00342526180367e-06
tmle,RR,0.697404772149646,0.165246387918694,0.504460230975481,0.964146202915925,0.0291892671519342
iptw,RR,1.71422704045244,0.0975481332508274,1.4159086009173,2.07539833031211,3.29315634971476e-08
tmle,ATE,-0.00397376482563739,0.00155312634676966,-0.00701783652874619,-0.000929693122528595,0.0105107093154053
iptw,ATE,0.0068594930674356,0.0015203244210175,0.00387971195742459,0.0098392741774466,6.42611767994454e-06
tmle,RR,0.629246342827099,0.176799910620491,0.444967552935937,0.889842320746215,0.00879054278860386
iptw,RR,1.63529533004809,0.100492051807608,1.34294184696836,1.99129308727253,9.8730303144774e-07
tmle,ATE,-0.00504368476611538,0.00156586875832614,-0.00811273113695107,-0.00197463839527969,0.0012773802943816
iptw,ATE,0.00626477292744976,0.00153096832450815,0.00326413014994215,0.00926541570495737,4.27607754779288e-05
tmle,RR,0.587558865886873,0.185898397794126,0.408144906277176,0.845840326738812,0.00422855356333716
iptw,RR,1.44981974303907,0.105719044032718,1.17848971336748,1.78361954581646,0.00044231728680135
tmle,ATE,-0.00573916842109913,0.0015929667162784,-0.00886132581357583,-0.00261701102862244,0.000314786500669102
iptw,ATE,0.00462268656880821,0.00152383629279845,0.00163602231658822,0.00760935082102819,0.00241666805349665
tmle,RR,0.156972812141842,0.0601818279925191,0.139507505668915,0.176624645631583,6.99561012460889e-208
iptw,RR,0.143120099863484,0.0668534980094957,0.125543672818347,0.163157270494799,6.50813291590274e-186
tmle,ATE,-0.0122077942424648,0.000542583661083154,-0.0132712386767877,-0.011144349808142,4.20934579458575e-112
iptw,ATE,-0.00900083743239072,0.000422022004371412,-0.00982798536164209,-0.00817368950313935,6.25717457455708e-101
tmle,RR,0.144927035155277,0.0644897767455982,0.127719029626129,0.164453531947301,4.28670585579967e-197
iptw,RR,0.151743401423454,0.0678421782388951,0.132850272024091,0.173323392754393,5.21340833099569e-170
tmle,ATE,-0.0114645282644423,0.000555489989757483,-0.0125532686381395,-0.0103757878907451,1.23624955121496e-94
iptw,ATE,-0.00800781133489835,0.000379442744159197,-0.00875150544764543,-0.00726411722215128,7.2874205162407e-99
tmle,RR,0.614134369629058,0.179024688722414,0.432391663081514,0.872267104485265,0.00646294055083336
iptw,RR,1.54650510694498,0.101170626382325,1.26833730163646,1.8856798130285,1.63603577200416e-05
tmle,ATE,-0.00530758786080475,0.00156685573014242,-0.00837856866085411,-0.0022366070607554,0.000705550259709041
iptw,ATE,0.00561606776213998,0.00153164288214391,0.00261410287596079,0.00861803264831917,0.000245705274799308
tmle,RR,0.668079047963197,0.171406463577112,0.477448359525249,0.934822804232105,0.0186140549081856
iptw,RR,1.63549430999287,0.098964915092072,1.34713136878978,1.98558336624739,6.66414543283483e-07
tmle,ATE,-0.00437087709389269,0.0015505174094399,-0.00740983537379725,-0.00133191881398814,0.00481765655925665
iptw,ATE,0.00626530265484199,0.00152072429743756,0.00328473780144939,0.00924586750823459,3.7896048111101e-05
tmle,RR,0.598831959999428,0.177430504567928,0.422937166653207,0.847879412335486,0.00385241161679343
iptw,RR,1.54878501516043,0.0994041374967189,1.27461252817969,1.88193272084905,1.07787338742095e-05
tmle,ATE,-0.00570591031184686,0.00156998794174242,-0.00878303013382417,-0.00262879048986955,0.000278665375943288
iptw,ATE,0.00572934950585051,0.00153109235026448,0.00272846364232735,0.00873023536937368,0.000182560598840224
tmle,RR,0.69182313577844,0.171689467439367,0.494143107291574,0.968584290938818,0.0318825790481808
iptw,RR,1.74232951992686,0.104244822478457,1.42035511985161,2.13729095884534,1.00319151705497e-07
tmle,ATE,-0.00393383947913611,0.00155554731475815,-0.00698265619231007,-0.000885022765962151,0.0114417295720941
iptw,ATE,0.00658185408120931,0.00152355822344758,0.00359573483490222,0.00956797332751639,1.55990892742029e-05
tmle,RR,0.67381608486198,0.156659734733236,0.495669693640253,0.915989260679414,0.0117321755902458
iptw,RR,1.68518978972358,0.0927601014773128,1.40504837699025,2.02118636902159,1.84322773444561e-08
tmle,ATE,-0.0047127283548266,0.00158445828440038,-0.00781820952725745,-0.00160724718239574,0.00293613073322985
iptw,ATE,0.00709763129822412,0.00152573772434333,0.0041072403086571,0.0100880222877912,3.28836226994026e-06
tmle,RR,0.256034670583026,0.0594368459239176,0.227879912333829,0.287667973316257,2.77057973585399e-116
iptw,RR,0.248929514205522,0.0585518746911048,0.221940696940891,0.279200272400244,1.10839090005417e-124
tmle,ATE,-0.0099818436592737,0.00057941266771216,-0.0111174716201758,-0.00884621569837159,1.65077096100908e-66
iptw,ATE,-0.00715622054934174,0.000382574748022938,-0.00790605327686118,-0.00640638782182229,4.47213057611643e-78
tmle,RR,0.67949804324443,0.173982697721689,0.483163223018044,0.95561410466824,0.0263566637832757
iptw,RR,1.81534232469886,0.101105829440067,1.48900822012238,2.21319648293964,3.68996547771623e-09
tmle,ATE,-0.00410394838598534,0.00155655536627448,-0.00715474084382587,-0.0010531559281448,0.00837518997148387
iptw,ATE,0.00718491223456851,0.00151780861405911,0.004210062015588,0.010159762453549,2.20419414632518e-06
tmle,RR,0.650436841925813,0.167511186841873,0.4684026589811,0.903214525414331,0.0102388754429472
iptw,RR,1.67216232692359,0.0981698358499725,1.3794822571524,2.02693933400377,1.63188198967554e-07
tmle,ATE,-0.00494291337851291,0.0016201611810493,-0.00811837094251942,-0.00176745581450641,0.00228173607164083
iptw,ATE,0.0066185798578449,0.00152872280908932,0.00362233820968494,0.00961482150600486,1.49459609825389e-05
tmle,RR,0.636821176250116,0.177879272056454,0.449372390413577,0.902461342022691,0.0111830876145558
iptw,RR,1.62379269241569,0.10313584063379,1.32660367451598,1.98755872503114,2.59838915271014e-06
tmle,ATE,-0.0048637562018265,0.00156683732489135,-0.00793470092824664,-0.00179281147540637,0.00190802633154751
iptw,ATE,0.00598897858654012,0.00152980672599345,0.00299061250028582,0.00898734467279442,9.04568196137548e-05
tmle,RR,0.16712054241492,0.066497674989129,0.146698918784067,0.190385013935701,1.98270278104904e-159
iptw,RR,0.161877996000248,0.0643595868498421,0.142693713293604,0.183641486259024,4.23897613448738e-176
tmle,ATE,-0.0113683137268868,0.000582885683283564,-0.0125107486732266,-0.010225878780547,1.02511060786847e-84
iptw,ATE,-0.00801247847988499,0.000387567296819061,-0.00877209642323589,-0.00725286053653409,5.96641749792793e-95
tmle,RR,0.177651264587265,0.0650921818900827,0.156372989013959,0.201824957164675,2.86128639944841e-155
iptw,RR,0.125306506348099,0.0649394723632712,0.110330869948491,0.142314843891803,1.84874161464345e-224
tmle,ATE,-0.0115345982141609,0.000686008977867786,-0.0128791511038529,-0.0101900453244689,1.92512165432291e-63
iptw,ATE,-0.00891417941404169,0.000396350937829793,-0.00969101297742675,-0.00813734585065662,5.12749782882613e-112
tmle,RR,0.753518910829138,0.149586510477554,0.562038269044509,1.01023503246923,0.0585056913502373
iptw,RR,1.87883607671832,0.0912566714379678,1.57112620089997,2.24681187364593,4.82081818763561e-12
tmle,ATE,-0.00333692022693027,0.00156351979297837,-0.0064013627102834,-0.000272477743577136,0.0328234672989361
iptw,ATE,0.00842996982311039,0.00152303750541365,0.00544487116539591,0.0114150684808249,3.11278222534495e-08
tmle,RR,0.643090371651972,0.16852612103507,0.462191881866266,0.894791194604185,0.00880345033189721
iptw,RR,1.6857406853298,0.0918295749408218,1.40807339496472,2.01816302213946,1.29535853776863e-08
tmle,ATE,-0.00497855589693364,0.00156162242412189,-0.00803927960566268,-0.00191783218820459,0.00143227668549013
iptw,ATE,0.00719329908796407,0.00152811462352872,0.00419824946159879,0.0101883487143293,2.5101523314921e-06
tmle,RR,0.147170271160357,0.064016063331649,0.12981638709534,0.166844026382478,7.41979474816907e-197
iptw,RR,0.205839111893982,0.0596012991493274,0.183145048502199,0.23134526612547,5.61389260657092e-155
tmle,ATE,-0.0111820885267989,0.000506013365237329,-0.01217385649836,-0.0101903205552378,3.27426470568347e-108
iptw,ATE,-0.00786641329694173,0.000402746823556335,-0.00865578256600005,-0.00707704402788341,5.88026787141424e-85
tmle,RR,0.662036876275773,0.163743925538143,0.480289507152724,0.912559652088367,0.0117764057944867
iptw,RR,1.70931009494362,0.0954513247407194,1.41766149146159,2.06095814711303,1.95012272699331e-08
tmle,ATE,-0.00481351595536641,0.00162461582666828,-0.00799770446434999,-0.00162932744638282,0.00304791074637804
iptw,ATE,0.00705326448121296,0.00152724092084076,0.00405992728064928,0.0100466016817766,3.86887188338344e-06
tmle,RR,0.643285535966236,0.167864526116775,0.462932043295675,0.893902867119232,0.00858605278961525
iptw,RR,1.59203746021302,0.0981602898229621,1.31340629105681,1.92977853995363,2.16585773286799e-06
tmle,ATE,-0.00504551171816688,0.00159384276371019,-0.00816938613205864,-0.00192163730427511,0.00154749080902625
iptw,ATE,0.00607940554951471,0.0015291055571686,0.00308241372890421,0.00907639737012522,7.01454333900551e-05
tmle,RR,0.548850751885763,0.197836069730871,0.372439637811966,0.808821396173878,0.00242574277308502
iptw,RR,1.54779266408261,0.103657416454543,1.2632212741412,1.89647069759543,2.50699977315192e-05
tmle,ATE,-0.00628463813347809,0.00159639495402955,-0.00941351474847749,-0.00315576151847869,8.25860422347687e-05
iptw,ATE,0.00545523366975682,0.00152603909798931,0.00246425199869778,0.00844621534081586,0.000350540401037201
tmle,RR,0.584500786878866,0.183586654033279,0.407864453424115,0.837634088957394,0.00344418910850771
iptw,RR,1.5690677579162,0.101135659081991,1.28692983501512,1.91305971929949,8.41941418181856e-06
tmle,ATE,-0.0059310558421899,0.00162073316294915,-0.00910763447011993,-0.00275447721425987,0.000252718288552047
iptw,ATE,0.00576793901585021,0.0015325466869735,0.00276420270475598,0.00877167532694444,0.000167464463305651
tmle,RR,0.168813664019068,0.0673547562942605,0.147936426431456,0.192637160751933,1.0031395577129e-153
iptw,RR,0.163048090036864,0.0673586362814367,0.142882796175697,0.186059346374907,1.08485902747664e-159
tmle,ATE,-0.0109662155827174,0.000577848244751344,-0.0120987773309597,-0.00983365383447504,2.60893201236153e-80
iptw,ATE,-0.00777172145892918,0.000369306045694027,-0.00849554800776237,-0.00704789491009598,2.58867689179376e-98
tmle,RR,0.687969387243247,0.168636698511031,0.494339479237064,0.95744300761557,0.0265650472654331
iptw,RR,1.70441258908351,0.101282408283613,1.39753595854542,2.07867443843803,1.40425752223168e-07
tmle,ATE,-0.0040993704650948,0.00157430016218671,-0.00718494208383632,-0.00101379884635328,0.00921610578819778
iptw,ATE,0.00654248232205651,0.00152084043063273,0.00356168985178397,0.00952327479232905,1.69350357661954e-05
tmle,RR,0.613979086507883,0.178560204578618,0.43267605038375,0.871253027142851,0.0062985462281538
iptw,RR,1.59868453968779,0.0992559666369411,1.31606076852847,1.94200170581369,2.27881901254247e-06
tmle,ATE,-0.00533658759127494,0.00157605086941906,-0.00842559053313935,-0.00224758464941054,0.000709063737507265
iptw,ATE,0.00604672601348976,0.00152638531997253,0.00305506575981296,0.00903838626716657,7.44904865299946e-05
tmle,RR,0.706591209626223,0.15975966193523,0.516631115873237,0.966397729794409,0.0297119617392296
iptw,RR,1.68112786473286,0.0989438866378952,1.38477609445462,2.0409009867363,1.52019857270334e-07
tmle,ATE,-0.00396162561024596,0.00157372261543939,-0.00704606525816334,-0.000877185962328591,0.0118238109524476
iptw,ATE,0.00659637280020482,0.00152361890317932,0.00361013462380894,0.0095826109766007,1.49508515969937e-05
tmle,RR,0.737998715405649,0.149915306090611,0.550107373262998,0.99006508622091,0.0427068624969331
iptw,RR,1.77607544042738,0.0923534169954934,1.4820062590204,2.12849571375926,4.98258502609963e-10
tmle,ATE,-0.00363108790124778,0.00157879280532854,-0.00672546493874267,-0.000536710863752881,0.0214530846939193
iptw,ATE,0.00774768036733803,0.00152924134774596,0.00475042240208645,0.0107449383325896,4.055042302474e-07
tmle,RR,0.560341962587617,0.187218162920243,0.388233276970342,0.808748589216191,0.00197637399341096
iptw,RR,1.63742038017475,0.0973413618092096,1.35301644176985,1.98160600170126,4.06465190798832e-07
tmle,ATE,-0.00636030030608859,0.00160212614489492,-0.00950040984877263,-0.00322019076340455,7.18990879022803e-05
iptw,ATE,0.00646322220478525,0.00152747466840005,0.00346942686742389,0.00945701754214661,2.32331926862117e-05
tmle,RR,0.628132878005552,0.181025293266084,0.440516841869746,0.895654546956459,0.0102074482879949
iptw,RR,1.54712329923257,0.102644294643365,1.26518473849082,1.89189011707768,2.12296841963988e-05
tmle,ATE,-0.00494461346039465,0.00155949135989307,-0.00800116035998645,-0.00188806656080284,0.00152094193322037
iptw,ATE,0.00549870612375773,0.00152769415012728,0.00250448061011573,0.00849293163739973,0.000319013436054355
tmle,RR,0.683904163583575,0.158880108985479,0.500906022983617,0.933757797881876,0.01678667580518
iptw,RR,1.75131687597682,0.0919970387377549,1.46236812175153,2.09735890331611,1.12100599727067e-09
tmle,ATE,-0.00446269657477612,0.00159780529933306,-0.00759433741577615,-0.00133105573377608,0.00522190272667876
iptw,ATE,0.00761233045077915,0.00152673039276463,0.00461999386685779,0.0106046670347005,6.16311356115075e-07
tmle,RR,0.172169920234947,0.0649404534414184,0.151593250069726,0.19553958649263,1.27199940026777e-161
iptw,RR,0.144813343821183,0.0659957165955001,0.127242714646633,0.164810257364524,1.90198137188332e-188
tmle,ATE,-0.0116823581319942,0.000601233797412649,-0.0128607547212112,-0.0105039615427771,4.25020478604053e-84
iptw,ATE,-0.00861299804650566,0.000424054368081848,-0.00944412933543297,-0.00778186675757834,1.02643316033209e-91
tmle,RR,0.598642841854373,0.18086764040393,0.419964885481005,0.853340992290388,0.00455643640725955
iptw,RR,1.65420358932332,0.0977843202820896,1.36569838081301,2.00365582428323,2.64342511462718e-07
tmle,ATE,-0.00565024640449765,0.00160575423868477,-0.00879746688034233,-0.00250302592865297,0.000433586428396196
iptw,ATE,0.0065478609769573,0.00152874160352159,0.00355158249238698,0.00954413946152763,1.84248852116571e-05
tmle,RR,0.638913923664544,0.175115740137233,0.453297751098994,0.900536128544072,0.0105207867802632
iptw,RR,1.82146512019833,0.0933431066169661,1.51693531771005,2.18713029182256,1.32691807836314e-10
tmle,ATE,-0.00491313587747831,0.00158264056434841,-0.00801505438407335,-0.00181121737088328,0.00190670862224229
iptw,ATE,0.00788777827298192,0.0015234913167593,0.0049017901613742,0.0108737663845896,2.24956484175118e-07
tmle,RR,0.660253985180974,0.165152476922072,0.477675523233693,0.912618092709107,0.0119498863794649
iptw,RR,1.58561257563964,0.10179185933091,1.29882815343526,1.93571969731091,5.93862643559473e-06
tmle,ATE,-0.00471826627363963,0.00156388831474367,-0.00778343104638025,-0.001653101500899,0.00255281611469937
iptw,ATE,0.00580312327877269,0.00152427765595287,0.00281559397066592,0.00879065258687946,0.00014058881946791
tmle,RR,0.597109306958004,0.177404713950244,0.421741826103998,0.845397592526069,0.0036531066226044
iptw,RR,1.46577904538391,0.102591878905264,1.19878732695369,1.79223467047009,0.00019357075069298
tmle,ATE,-0.00577921420814926,0.00159279136263581,-0.00890102791380192,-0.0026574005024966,0.000285231693738337
iptw,ATE,0.00494980852710539,0.00153363000862692,0.00194394894458677,0.00795566810962401,0.00124872010880776
tmle,RR,0.729606717500573,0.150273603083623,0.543470156900689,0.979494376025575,0.0359194830087958
iptw,RR,1.65692032141812,0.0934553948614301,1.37959702154356,1.98999048900283,6.54527823059104e-08
tmle,ATE,-0.00379749410074303,0.00159316034121342,-0.00692003099111888,-0.000674957210367181,0.0171431407948799
iptw,ATE,0.00693049337168609,0.00153574116741882,0.00392049599396971,0.00994049074940246,6.39772222442085e-06
tmle,RR,0.703240977186824,0.165853156819934,0.508077199236589,0.97337151271059,0.0337794207309011
iptw,RR,1.73966557924547,0.0980256850379672,1.43557589130011,2.10816881639788,1.61903630982092e-08
tmle,ATE,-0.00385448553027573,0.00155352692043434,-0.00689934234334045,-0.000809628717211004,0.0130970552941652
iptw,ATE,0.00698823531748247,0.00152016222695503,0.00400877210199241,0.00996769853297252,4.28550583749718e-06
tmle,RR,0.701498352454838,0.157455971042337,0.515228513890379,0.955110063263214,0.024344000708615
iptw,RR,1.60164753537541,0.100476655494389,1.31534920171525,1.95026143949374,2.75911519299186e-06
tmle,ATE,-0.00409842483132503,0.00156098468901584,-0.00715789860221453,-0.00103895106043553,0.00865121170455973
iptw,ATE,0.00601684926890911,0.00152782884681231,0.00302235975461561,0.00901133878320261,8.21055198179558e-05
tmle,RR,0.600316148597316,0.18718298679171,0.415958093390138,0.866384099728781,0.00640675527211504
iptw,RR,1.62139944499025,0.102342328263639,1.32671021275989,1.9815451293963,2.33209684706014e-06
tmle,ATE,-0.00538319904418248,0.00157468525924238,-0.00846952543928366,-0.00229687264908129,0.000629471190571901
iptw,ATE,0.00597595868592824,0.00152270263284204,0.00299151636639352,0.00896040100546297,8.68834624621157e-05
tmle,RR,0.21936714639513,0.0625941756250667,0.194040027248445,0.248000093588567,9.37624387054135e-130
iptw,RR,0.202708355995547,0.0605001150831798,0.180042013042276,0.228228272368676,2.33059643122744e-153
tmle,ATE,-0.0111180884581429,0.000652196851607095,-0.0123963707981232,-0.00983980611816257,3.67084471689878e-65
iptw,ATE,-0.00787306700494483,0.000411921576253533,-0.00868041845885673,-0.00706571555103294,1.96731085750821e-81
tmle,RR,0.202873639581305,0.0606039458887747,0.180152149500671,0.228460852401941,1.095351977519e-152
iptw,RR,0.169207158194769,0.0621394612746629,0.149804730038545,0.191122552518754,8.68471649700058e-180
tmle,ATE,-0.0101406864149771,0.000499518000317531,-0.0111197237052289,-0.00916164912472527,1.26141114270389e-91
iptw,ATE,-0.00777791070464512,0.00037840697501924,-0.00851957474718158,-0.00703624666210866,7.03613528774719e-94
tmle,RR,0.221662883757329,0.061139155577098,0.196630659289293,0.24988185572488,4.47185826467359e-134
iptw,RR,0.225882230397977,0.061747438712762,0.200134772679561,0.254942113888717,2.89070449680358e-128
tmle,ATE,-0.0107785686326268,0.000628811862326358,-0.0120110172358381,-0.00954612002941562,7.31683414894814e-66
iptw,ATE,-0.00752730871321237,0.000409222239653724,-0.00832936956460648,-0.00672524786181825,1.46248974021133e-75
tmle,RR,0.227753022663809,0.0531769960242368,0.205210608620039,0.252771724041542,2.34691122544297e-170
iptw,RR,0.260660316114794,0.0555301944075818,0.233780094815685,0.290631246644981,1.63418195413575e-129
tmle,ATE,-0.0105815031285041,0.000518705227132437,-0.0115981466922763,-0.00956485956473185,1.67766950442541e-92
iptw,ATE,-0.00731108305069701,0.00039775718104765,-0.00809067280014258,-0.00653149330125144,1.87293022085443e-75
tmle,RR,0.170921171065256,0.0632680711356931,0.15098784267617,0.193486086035253,1.45440293870631e-171
iptw,RR,0.108719580654751,0.0720757932613063,0.0943966847889672,0.12521570269305,3.93574279393147e-208
tmle,ATE,-0.0116246608185672,0.00053664983634198,-0.0126764751701068,-0.0105728464670277,4.73170699935361e-104
iptw,ATE,-0.00897905629341291,0.000408537059410109,-0.00977977421620662,-0.00817833837061919,4.61880335014846e-107
tmle,RR,0.594194193054341,0.190659644267378,0.408920252021703,0.863412211339341,0.00632857138645467
iptw,RR,1.39515342395423,0.117391392209379,1.10840438453197,1.75608568816073,0.00455821420803094
tmle,ATE,-0.00540601679015527,0.00156250995756088,-0.00846848003245981,-0.00234355354785073,0.000540519131365837
iptw,ATE,0.00379627370947774,0.00152771131065329,0.000802014561822811,0.00679053285713267,0.0129572612719246
tmle,RR,0.607439340325441,0.180379695271677,0.426543610023276,0.865052349875485,0.00571621005354068
iptw,RR,1.66077379398377,0.0989986437735635,1.36786326045691,2.01640739576699,2.98887236620473e-07
tmle,ATE,-0.00544053970413381,0.00158655883900939,-0.00855013788794589,-0.00233094152032172,0.000605486805286907
iptw,ATE,0.00649834692852785,0.00152814240505306,0.00350324285137544,0.00949345100568026,2.11445821406251e-05
tmle,RR,0.609837904347635,0.182791636574033,0.426208288499535,0.872583381445713,0.00681799534469444
iptw,RR,1.55562796241277,0.103733889721914,1.26942572178233,1.90635680049302,2.04665726574137e-05
tmle,ATE,-0.00532354276855162,0.00159469362988303,-0.00844908484949781,-0.00219800068760544,0.000842970588232046
iptw,ATE,0.00547102584165474,0.00152272099768463,0.00248654752768997,0.00845550415561951,0.00032698383974012
tmle,RR,0.226958503099947,0.061203058446621,0.201303034036287,0.255883684893113,1.05853624929221e-129
iptw,RR,0.259310555561942,0.0553305323365522,0.232660555736009,0.289013167759041,1.98386995515181e-131
tmle,ATE,-0.0109884178049585,0.000666781758453075,-0.0122952860370748,-0.00968154957284221,5.12696660054923e-61
iptw,ATE,-0.00759611847160796,0.000419650809141156,-0.00841861894360772,-0.0067736179996082,3.12674964545611e-73
tmle,RR,0.585094984125014,0.184833683567267,0.40728241418452,0.840537495667943,0.0037339848910741
iptw,RR,1.56624293200425,0.101465443944845,1.28378288555588,1.9108503078315,9.77935920539632e-06
tmle,ATE,-0.00580755114694779,0.00158435542852611,-0.00891283072556949,-0.0027022715683261,0.000246797169945631
iptw,ATE,0.00571994161189556,0.00152925716106939,0.0027226526530996,0.00871723057069153,0.000183771555014968
tmle,RR,0.676498585059965,0.165750126928749,0.48885507569926,0.936167707645277,0.0183778370605115
iptw,RR,1.75773340974592,0.0946808089917035,1.4600258894382,2.11614517392283,2.56718378561988e-09
tmle,ATE,-0.00445389277455122,0.00161618326137087,-0.00762155375925462,-0.00128623178984783,0.00585471303172513
iptw,ATE,0.00743752195406871,0.00152968375367913,0.00443939688912157,0.0104356470190158,1.16129048205421e-06
tmle,RR,0.141483291277098,0.0683942337097007,0.123733664963665,0.161779106086275,8.28800784586946e-180
iptw,RR,0.117806637262487,0.0670420975377091,0.10330073760258,0.134349512938509,2.58526241920646e-223
tmle,ATE,-0.0124418718865318,0.000588740562185133,-0.0135957821846525,-0.011287961588411,3.95346801791584e-99
iptw,ATE,-0.00960731826991328,0.000411336386577969,-0.010413522773137,-0.00880111376668962,1.18778376102539e-120
tmle,RR,0.583755417016549,0.183462549803463,0.407443428998,0.836362455848655,0.00334659061657431
iptw,RR,1.62087217761981,0.0981641422493124,1.33718439051447,1.96474520254547,8.65586016163603e-07
tmle,ATE,-0.00588993746712432,0.0015880560860651,-0.00900247020124156,-0.00277740473300708,0.000208163554833986
iptw,ATE,0.0062755254406991,0.00152660894708925,0.00328342688592755,0.00926762399547064,3.94356203954205e-05
tmle,RR,0.620462509845507,0.175457398798044,0.439912129412696,0.875115052266791,0.00652302089323051
iptw,RR,1.48616658454495,0.104972775466689,1.20980257289006,1.82566243989855,0.00016044962916658
tmle,ATE,-0.00530523878911613,0.00159007273632446,-0.00842172408511112,-0.00218875349312113,0.000848478950263555
iptw,ATE,0.00496586068703415,0.00153033268891961,0.00196646373238738,0.00796525764168092,0.00117469191729378
