estimator,parameter,estimate,std.dev,ci.lb,ci.ub,pvalue
tmle,RR,0.619673301829597,0.177505637791893,0.437592341365021,0.877517645310162,0.00701685603608463
iptw,RR,1.60638490553382,0.100353264332907,1.31955884208003,1.95555695012378,2.32188326556808e-06
tmle,ATE,-0.00525914680259189,0.00158633574680486,-0.00836830773371787,-0.00214998587146591,0.000915514492162855
iptw,ATE,0.00601578213333721,0.001524587258232,0.00302764601591381,0.0090039182507606,7.95196703467102e-05
tmle,RR,0.574417036905502,0.192756567891607,0.393688405250689,0.838111887184462,0.00402539843753814
iptw,RR,1.56358058713102,0.105867364112557,1.27059109149233,1.92413142892537,2.4207887319547e-05
tmle,ATE,-0.00580992546571825,0.00157907125114336,-0.00890484824698183,-0.00271500268445467,0.000233846791950485
iptw,ATE,0.005398135116019,0.00152146352666156,0.00241612139997105,0.00838014883206694,0.000388185150309423
tmle,RR,0.638072196727641,0.180080795179822,0.448316548823171,0.90814432192068,0.0125952681192636
iptw,RR,1.73463221812934,0.0982282944056748,1.43085403547453,2.10290418000213,2.05508508892877e-08
tmle,ATE,-0.0047813774333631,0.00157537323413209,-0.00786905223447038,-0.00169370263225583,0.00240475112165755
iptw,ATE,0.0068930553030356,0.00151602886220234,0.00392169333359579,0.00986441727247541,5.44719311296331e-06
tmle,RR,0.285216761810538,0.0568589296528752,0.255138874965346,0.318840479439829,7.09131459125919e-108
iptw,RR,0.238272967186592,0.0580942101586433,0.212630172607219,0.267008234042018,1.37411511371349e-134
tmle,ATE,-0.00956985835934374,0.000577384072031891,-0.0107015103457733,-0.00843820637291415,1.06526831723288e-61
iptw,ATE,-0.00745748145436147,0.000404585411824184,-0.00825045429020717,-0.00666450861851576,7.22031842991194e-76
tmle,RR,0.678564140230594,0.169841148366892,0.486431686421344,0.94658572880889,0.0224203367364017
iptw,RR,1.73952435021528,0.0946369915823692,1.4450249947279,2.09404333906466,4.92031875713402e-09
tmle,ATE,-0.00426863152493242,0.00158665211323397,-0.00737841252286536,-0.00115885052699948,0.00713795402767919
iptw,ATE,0.00728685002838687,0.00152720059108129,0.00429359187269926,0.0102801081840745,1.82970551037187e-06
tmle,RR,0.775277168996322,0.145967286742943,0.582383973161483,1.03205911643501,0.0811976493934699
iptw,RR,1.86954500549348,0.0870551916599823,1.57628379527746,2.21736627505606,6.60667090048065e-13
tmle,ATE,-0.00302726919464924,0.00155694510588056,-0.00607882552808103,2.42871387825488e-05,0.0518514804947061
iptw,ATE,0.00880276931354244,0.00152378637192961,0.00581620290442745,0.0117893357226574,7.60871566728496e-09
tmle,RR,0.673918876472985,0.167895780174908,0.484947219893219,0.936528004360173,0.0187462558227317
iptw,RR,1.58102555835738,0.101243369469409,1.29646375063969,1.92804605215218,6.05438277674799e-06
tmle,ATE,-0.00437919046259861,0.00156547881971956,-0.00744747256780922,-0.001310908357388,0.00515238599133118
iptw,ATE,0.00584549506862429,0.0015330579223232,0.00284075675465703,0.00885023338259157,0.000137309973933301
tmle,RR,0.70175221161473,0.161544507437164,0.511301251789024,0.963142892341996,0.0283485225422784
iptw,RR,1.60715825870685,0.103954521443688,1.3109085477031,1.97035687428795,5.01440878705434e-06
tmle,ATE,-0.00400409692086456,0.00156669306621116,-0.00707475890546707,-0.00093343493626206,0.0105955111697636
iptw,ATE,0.00588762426979846,0.00153466325375288,0.00287973956404575,0.00889550897555116,0.000124837039740873
tmle,RR,0.206040302909907,0.0617268136223223,0.182561930975327,0.232538110198581,1.89557993228232e-144
iptw,RR,0.241929806820188,0.0587662510848032,0.215609282847751,0.271463411291913,7.77180351238431e-129
tmle,ATE,-0.0107315541080105,0.000569273203355878,-0.0118473090839518,-0.00961579913206924,2.86574487321852e-79
iptw,ATE,-0.00725147697830075,0.000390407655751349,-0.00801666192286211,-0.0064862920337394,5.20555570655985e-77
tmle,RR,0.581426536624274,0.184599209980089,0.404914861535333,0.834883699277112,0.00330809655155197
iptw,RR,1.49306134797116,0.103313688454639,1.21937386261532,1.82817776987952,0.000104575010325182
tmle,ATE,-0.00591769459593704,0.00159318942667996,-0.00904028849277978,-0.0027951006990943,0.000203710767628895
iptw,ATE,0.00511032752760464,0.00153181572456606,0.00210802387650304,0.00811263117870624,0.000849551968121206
tmle,RR,0.603125561220588,0.177728568631819,0.425720832666109,0.854457697828813,0.00444176220182569
iptw,RR,1.59585897452824,0.0977756736879987,1.31755182207942,1.93295309065179,1.74899571510633e-06
tmle,ATE,-0.00562514597764715,0.00159207776640907,-0.00874556106039589,-0.0025047308948984,0.000410545353556797
iptw,ATE,0.00614274817267159,0.00152721065668878,0.00314947028875581,0.00913602605658736,5.76568313233976e-05
tmle,RR,0.173928483148236,0.0620473278445374,0.154012484979417,0.196419902284473,7.76583826955058e-175
iptw,RR,0.185002384816141,0.0649493646090094,0.162889213906381,0.210117549019117,8.32743029809137e-149
tmle,ATE,-0.0112336961150005,0.000572484449418491,-0.01235574501757,-0.010111647212431,9.89364069913088e-86
iptw,ATE,-0.00769720969068992,0.000391925233325711,-0.00846536903264077,-0.00692905034873907,7.11158772709199e-86
tmle,RR,0.768078114901421,0.151444543948399,0.570815242098916,1.03351127839766,0.0814536423178569
iptw,RR,1.87798160569763,0.0883552397203476,1.57936757578194,2.23305515791188,9.85309598699501e-13
tmle,ATE,-0.00303533754947028,0.00155449119608504,-0.00608208430808155,1.14092091409927e-05,0.0508641093131141
iptw,ATE,0.00868296879753486,0.00152257266273669,0.00569878121472569,0.011667156380344,1.17836422811061e-08
tmle,RR,0.623911255832883,0.177142403517215,0.440898816910999,0.88289022384368,0.00774254352078078
iptw,RR,1.726949753259,0.0942686828954548,1.43561521786051,2.0774058488499,6.80208864607852e-09
tmle,ATE,-0.00517085818103176,0.00158579806070496,-0.00827896526676695,-0.00206275109529657,0.00111126080259618
iptw,ATE,0.00721003809737518,0.00152230754792314,0.00422637013005234,0.010193706064698,2.17702676162211e-06
tmle,RR,0.600602691235186,0.180713085455151,0.42146742773066,0.855875374904344,0.00478494106733955
iptw,RR,1.59450909179319,0.0991060089049665,1.31300933020733,1.93636037864992,2.50471017957717e-06
tmle,ATE,-0.00558970350104824,0.00159062292370129,-0.00870726714448657,-0.00247213985760992,0.000441146959421903
iptw,ATE,0.0060465213889123,0.00152752812675497,0.00305262127510062,0.00904042150272398,7.54630206134698e-05
tmle,RR,0.58289856290068,0.185124090846033,0.40552260941813,0.837858917704251,0.00355040350689921
iptw,RR,1.60535105089396,0.102251843706051,1.31381159232738,1.96158415076928,3.67111943701412e-06
tmle,ATE,-0.0058666501610263,0.00159461693750413,-0.00899204192767195,-0.00274125839438065,0.000234118925050306
iptw,ATE,0.00593339012835562,0.00152786739844069,0.00293882505425895,0.00892795520245228,0.000102986525367691
tmle,RR,0.702418238219262,0.15895393144252,0.514391694464925,0.959174470918086,0.0262702833260975
iptw,RR,1.68963447062358,0.0981303864411298,1.3940040153074,2.04796012993541,9.03900947884375e-08
tmle,ATE,-0.0040690217715591,0.00158121147605713,-0.00716813931657249,-0.000969904226545705,0.01007172303355
iptw,ATE,0.00673860430835575,0.00152622281420181,0.00374726256013684,0.00972994605657466,1.00908899180175e-05
tmle,RR,0.756712420339636,0.149187558081302,0.564861770147621,1.01372356452203,0.0616783732605449
iptw,RR,1.77543588579953,0.0919968179943455,1.48250839155743,2.12624265908762,4.38002335637723e-10
tmle,ATE,-0.00328220939592598,0.00155782141879544,-0.00633548327111012,-0.000228935520741837,0.0351242757977099
iptw,ATE,0.00771669194950186,0.00152449883682081,0.00472872913485986,0.0107046547641439,4.15339824198882e-07
tmle,RR,0.69028663050165,0.166038011774978,0.498537291843101,0.955787340376704,0.0255944626945252
iptw,RR,1.83985333773188,0.0930774182203751,1.53304732952107,2.20805988124363,5.7418108167911e-11
tmle,ATE,-0.00414654187268459,0.0015953039927586,-0.00727328024288439,-0.00101980350248478,0.00934365815535591
iptw,ATE,0.00804712255868289,0.00152365301177198,0.00506081753067383,0.011033427586692,1.28153817103546e-07
tmle,RR,0.620174822372051,0.174006968077264,0.440959934290246,0.872226205592287,0.00603999994785739
iptw,RR,1.57293617572535,0.0990670744144776,1.29534381027401,1.91001662514767,4.82872543802838e-06
tmle,ATE,-0.00530090753647774,0.0015554309489984,-0.00834949617695355,-0.00225231889600193,0.000654410701162456
iptw,ATE,0.00585688147118151,0.00152255515290531,0.00287272820701121,0.0088410347353518,0.00011969741716752
tmle,RR,0.208206503572466,0.0614941370043364,0.184565441864722,0.234875758386257,1.23556547659808e-143
iptw,RR,0.144540039973364,0.0680806177885437,0.126484655890193,0.165172787232301,1.50364516324395e-177
tmle,ATE,-0.0111501449069412,0.000607645779244002,-0.0123411087496172,-0.00995918106426517,3.31667189623495e-75
iptw,ATE,-0.00865565786238387,0.000418269869781258,-0.0094754517429734,-0.00783586398179435,3.92647648659645e-95
tmle,RR,0.677474509038429,0.166408305670761,0.488929174307293,0.938728418174524,0.0192874894136152
iptw,RR,1.78433570691417,0.0940657087476404,1.48391043871035,2.1455836093019,7.47169716737916e-10
tmle,ATE,-0.00436731309698231,0.00158484946616586,-0.00747356097158493,-0.00126106522237968,0.00585730784930195
iptw,ATE,0.00754530347114137,0.00151878188314105,0.004568545679813,0.0105220612624697,6.76480935472146e-07
tmle,RR,0.64668936432355,0.17263587028411,0.461049758899021,0.907075919371196,0.0115729484043622
iptw,RR,1.61047378811181,0.0997947192414042,1.32436666763408,1.95838953484731,1.79630049615679e-06
tmle,ATE,-0.0047961101974329,0.00156318773392356,-0.00785990185699786,-0.00173231853786794,0.00215381210027441
iptw,ATE,0.00612179132394145,0.00153147086557286,0.00312016358404626,0.00912341906383663,6.40615156703383e-05
tmle,RR,0.191364649704829,0.0640230719938296,0.168797176206292,0.216949299625113,4.32271527033192e-147
iptw,RR,0.150176418967595,0.065880810062838,0.131984793402838,0.170875418542314,3.99724798366466e-182
tmle,ATE,-0.011254109253656,0.000584569708460393,-0.0123998448286914,-0.0101083736786205,1.35937272352896e-82
iptw,ATE,-0.00833913972008266,0.000405489831749228,-0.00913388518640835,-0.00754439425375697,5.58109614332278e-94
tmle,RR,0.260108589112885,0.0541337775932334,0.233924623069049,0.289223414117996,1.33833508421266e-136
iptw,RR,0.259417200637119,0.0582774590978782,0.23141574575535,0.290806849666769,1.34544781770233e-118
tmle,ATE,-0.0100264994794595,0.000527657626286141,-0.0110606894231482,-0.00899230953577072,1.64468910556967e-80
iptw,ATE,-0.00710669688144587,0.000398345593811093,-0.00788743989871584,-0.00632595386417591,3.42426945333223e-71
tmle,RR,0.200712224688625,0.0633291937731744,0.177283336738879,0.22723735845966,7.38918934459223e-142
iptw,RR,0.16796774233027,0.0640480018099916,0.148152207477995,0.190433628656653,9.67524289571887e-171
tmle,ATE,-0.0113607358974643,0.000610418662720983,-0.0125571344918886,-0.0101643373030401,2.59820530299887e-77
iptw,ATE,-0.0084682871601669,0.000406954332543935,-0.00926590299530555,-0.00767067132502825,3.59219891292358e-96
tmle,RR,0.231401098443614,0.0600591335974536,0.205704119439443,0.260308196582687,3.61456232389783e-131
iptw,RR,0.264455410359346,0.0553939280225829,0.237247180262181,0.294783963253191,2.11691201519458e-127
tmle,ATE,-0.0102166709631921,0.00056532937226168,-0.0113246961722276,-0.00910864575415653,5.28932087211456e-73
iptw,ATE,-0.00721379430583479,0.000393572494127989,-0.00798518221963126,-0.00644240639203833,4.85661237778673e-75
tmle,RR,0.183722655617886,0.066953421510965,0.161128312440628,0.209485308174661,2.73880051010645e-141
iptw,RR,0.20955224038195,0.0592329243366887,0.186583464034983,0.235348516419769,2.10939874109406e-153
tmle,ATE,-0.0116550558288664,0.000654344143677956,-0.0129375467839699,-0.0103725648737629,5.72253199155147e-71
iptw,ATE,-0.00784872657335827,0.000397630762559265,-0.00862806854711963,-0.00706938459959692,1.00265059048078e-86
tmle,RR,0.256799691724332,0.0547915513404273,0.230651267212231,0.285912505345278,6.74193392645603e-136
iptw,RR,0.220701354774234,0.0595000671124707,0.196407672955487,0.247999924169059,2.93751387328578e-142
tmle,ATE,-0.0102180699391478,0.000529111858237766,-0.0112551101250869,-0.00918102975320876,4.27921321829121e-83
iptw,ATE,-0.00791265541849806,0.000413520741497451,-0.00872314117869337,-0.00710216965830276,1.29463003513953e-81
tmle,RR,0.623332968655756,0.180657535665227,0.437465818103627,0.888169940905324,0.00888594120324594
iptw,RR,1.62937363720823,0.102626474575606,1.33249280216044,1.99239984285447,1.96476666622547e-06
tmle,ATE,-0.00509816809185487,0.00158629887085082,-0.00820725674743904,-0.00198907943627071,0.00130956150225102
iptw,ATE,0.00603232202091028,0.0015267548854697,0.00303993743216909,0.00902470660965147,7.78011572388906e-05
tmle,RR,0.58091559495121,0.183847859350041,0.405155234150279,0.832922544281749,0.00313334589288968
iptw,RR,1.57383430350882,0.0973447147408976,1.30046609980075,1.90466665396399,3.17973667643534e-06
tmle,ATE,-0.0059693087817307,0.00160150695144124,-0.00910820472754606,-0.00283041283591533,0.000193536319797681
iptw,ATE,0.00601246927485232,0.00152933887357289,0.00301502016249241,0.00900991838721224,8.44465527017259e-05
tmle,RR,0.684018776532962,0.166984105628677,0.493095336314029,0.948866582570309,0.0229486894878584
iptw,RR,1.65937179606107,0.10129317605345,1.3605759703323,2.0237861152953,5.74089950143138e-07
tmle,ATE,-0.00423956946278179,0.00158893077898868,-0.00735381656352677,-0.00112532236203681,0.00762610826502306
iptw,ATE,0.00635699110810627,0.00153106596943284,0.003356156950063,0.00935782526614954,3.29577366675209e-05
tmle,RR,0.598518363493153,0.189771072846646,0.412614085715993,0.868182264832064,0.00683398073857009
iptw,RR,1.60845213424126,0.10324603202731,1.31378699797426,1.96920678324141,4.15851435615727e-06
tmle,ATE,-0.0053300354577146,0.00155900847432002,-0.00838563591897457,-0.00227443499645462,0.000628835169614299
iptw,ATE,0.00585449611098213,0.00152303823537566,0.0028693960225684,0.00883959619939586,0.000121065377291415
tmle,RR,0.621177649506399,0.18025193318131,0.436299883845264,0.88439554199639,0.00825361757722654
iptw,RR,1.64690610073895,0.09994294037733,1.35393324826717,2.00327431808215,5.98090529543473e-07
tmle,ATE,-0.00508494918528883,0.00155462184958078,-0.00813195202004621,-0.00203794635053145,0.00107221277901832
iptw,ATE,0.00629736334482365,0.00151964359793822,0.00331891662352787,0.00927581006611943,3.41338671357313e-05
tmle,RR,0.680755829889206,0.157315761120391,0.5001312027209,0.926613851339246,0.0145070449538949
iptw,RR,1.48435937243615,0.10034382015854,1.21934399676695,1.8069738747893,8.27478610127979e-05
tmle,ATE,-0.00451886823891032,0.00156338078044348,-0.00758303826270166,-0.00145469821511899,0.00384695212889021
iptw,ATE,0.00518525581422657,0.00152885196373374,0.00218876102761511,0.00818175060083803,0.000694855535445972
tmle,RR,0.67865270573856,0.169396078017856,0.486919740520325,0.945883801125214,0.0221143144611008
iptw,RR,1.83836031073808,0.096472604296278,1.52164381682338,2.22099849829001,2.76580921561776e-10
tmle,ATE,-0.00427684519124966,0.00158845546400029,-0.00739016069173608,-0.00116352969076323,0.00709280617343792
iptw,ATE,0.00775617805146355,0.00152767459499544,0.00476199086517567,0.0107503652377514,3.83210997389939e-07
tmle,RR,0.660696188883741,0.164875171799824,0.478255310386276,0.912733104109044,0.0119442333229898
iptw,RR,1.64947862494478,0.0969255483821049,1.36409154065439,1.99457269036687,2.42586056581116e-07
tmle,ATE,-0.00474201026088648,0.00157962485692499,-0.0078380180895437,-0.00164600243222927,0.00268225316843114
iptw,ATE,0.00653940618314562,0.00152682192054079,0.00354689020807939,0.00953192215821185,1.84375024396749e-05
tmle,RR,0.224690354260139,0.0570812833721244,0.200907778929712,0.251288205795204,8.36820446734916e-151
iptw,RR,0.218474095062787,0.0587542614887149,0.194709988484534,0.245138580639867,8.86301651425037e-148
tmle,ATE,-0.0105864217564343,0.000535280964926734,-0.0116355531693005,-0.00953729034356805,4.66872416437063e-87
iptw,ATE,-0.00763361278397436,0.000411453937829494,-0.00844004768341735,-0.00682717788453137,7.74468213758186e-77
tmle,RR,0.160363847627122,0.0628804026953961,0.141769423057427,0.18139710997736,2.86030870488745e-186
iptw,RR,0.148744591113377,0.0636844696871938,0.13129036729665,0.168519243574774,1.0386705706449e-196
tmle,ATE,-0.0115889529172274,0.000576286100281864,-0.0127184529185709,-0.0104594529158839,6.06636026551675e-90
iptw,ATE,-0.00870523560221216,0.000406553800334224,-0.00950206640864513,-0.0079084047957792,1.02709541656415e-101
tmle,RR,0.573630938817297,0.188386056376869,0.396531839845204,0.829826059105033,0.00317609157655031
iptw,RR,1.45141424380505,0.107066177436479,1.17667488881513,1.79030191529068,0.000502321350243284
tmle,ATE,-0.00598854875721675,0.00159162610452791,-0.00910807859894522,-0.00286901891548827,0.000168199831325009
iptw,ATE,0.00463294222336258,0.00153417027184206,0.00162602374440011,0.00763986070232504,0.00252911805573098
tmle,RR,0.586573422195743,0.194080556281511,0.400978153944661,0.858072631243424,0.00598432123429388
iptw,RR,1.63274626924265,0.103785294239027,1.33222168175073,2.00106364897355,2.31451168654342e-06
tmle,ATE,-0.0054550365363129,0.00155246761229669,-0.0084978171435793,-0.00241225592904649,0.000441771157096999
iptw,ATE,0.00594431590512771,0.00151887351384449,0.00296737852092071,0.00892125328933471,9.09171910648303e-05
tmle,RR,0.668172726140544,0.165782517411982,0.482807946741976,0.924704729842988,0.0150093356741614
iptw,RR,1.60835065664238,0.102155299087159,1.31651554800843,1.96487754256693,3.29000194364441e-06
tmle,ATE,-0.00455391289377094,0.00157914790296781,-0.0076489859098498,-0.00145883987769208,0.00392934930158481
iptw,ATE,0.00589054052704792,0.00151840831254131,0.0029145149206407,0.00886656613345513,0.00010470669397301
tmle,RR,0.26862148371092,0.0555874434398294,0.240893247226018,0.299541404094878,1.28042605376736e-123
iptw,RR,0.234803836014843,0.058237809915974,0.209475422033667,0.263194798091512,1.19998274315447e-136
tmle,ATE,-0.00951017133243353,0.000504594589559297,-0.0104991585547635,-0.00852118411010354,3.10088984119682e-79
iptw,ATE,-0.00747160087496092,0.000387762182540549,-0.00823160078730704,-0.00671160096261479,9.87312056561436e-83
tmle,RR,0.637926626252912,0.17226025844401,0.455137407716111,0.894126418930293,0.00906456286854212
iptw,RR,1.60402306626086,0.0981676091085907,1.32327524751423,1.94433471186744,1.48422311877934e-06
tmle,ATE,-0.00499187126992525,0.00157392593843295,-0.00807670942358724,-0.00190703311626326,0.00151599088101544
iptw,ATE,0.00614100921454631,0.00152404145819945,0.00315394284552949,0.00912807558356314,5.59136909840803e-05
tmle,RR,0.612866013698747,0.176567402168053,0.433581849064456,0.866283382381987,0.0055554170785639
iptw,RR,1.63066986868505,0.098393753868351,1.34466199803332,1.97751124410927,6.7044432255311e-07
tmle,ATE,-0.00544125748058757,0.00158921018677855,-0.0085560522105377,-0.00232646275063743,0.000617349457717386
iptw,ATE,0.00629902724791475,0.00152439062325234,0.00331127652796959,0.0092867779678599,3.59368792398113e-05
tmle,RR,0.254108755982197,0.0591779676644046,0.226280564062743,0.285359284542508,1.44071787027769e-118
iptw,RR,0.256204830319084,0.0564958159751556,0.229349600325332,0.286204619435652,2.26679460181481e-128
tmle,ATE,-0.010236972454879,0.000613266183998768,-0.0114389520884529,-0.00903499282130514,1.48506835095638e-62
iptw,ATE,-0.00714735152535444,0.000383008318719247,-0.0078980340358234,-0.00639666901488548,1.02622459703547e-77
tmle,RR,0.78334235771679,0.14114338891836,0.594032409877391,1.0329827787005,0.0836209372027814
iptw,RR,1.70145678090937,0.0927222543576582,1.41871642241556,2.04054533489745,9.92478939381458e-09
tmle,ATE,-0.00299054868069745,0.00155761096305136,-0.00604341007020286,6.23127088079552e-05,0.0548631195117091
iptw,ATE,0.00720587545011822,0.00152721054981542,0.00421259777567039,0.0101991531245661,2.37794600319872e-06
tmle,RR,0.706892436731411,0.156684046534109,0.519976399908917,0.960999224571736,0.026838313686776
iptw,RR,1.7501680667624,0.0928458114350854,1.458979727927,2.09947280505881,1.65589350596815e-09
tmle,ATE,-0.00402344214226369,0.00156187927186224,-0.00708466926331332,-0.000962215021214048,0.00999430328905276
iptw,ATE,0.00753050363061662,0.00152754201996759,0.00453657628660858,0.0105244309746246,8.23064004121665e-07
tmle,RR,0.772078898845963,0.149386541811821,0.576107631598758,1.0347126011661,0.0833557821402935
iptw,RR,1.64172506240619,0.0968162740336249,1.35797028317365,1.98477184215963,3.04729535894604e-07
tmle,ATE,-0.00301065447639893,0.00155417666287312,-0.00605678476124289,3.54758084450237e-05,0.05272849202628
iptw,ATE,0.00648047272944019,0.00152596666315789,0.00348963302804197,0.00947131243083842,2.16846946796777e-05
tmle,RR,0.145570972079135,0.0629970620205,0.128662381470135,0.16470166081127,1.65337809992398e-205
iptw,RR,0.13585924962766,0.060351351900173,0.120702995373331,0.152918621880937,6.74605965082404e-240
tmle,ATE,-0.0122491827317006,0.000592349027557793,-0.0134101654919912,-0.01108819997141,5.35444246335975e-95
iptw,ATE,-0.00868369928998765,0.000389909896613017,-0.0094479086445649,-0.0079194899354104,7.05433405295152e-110
tmle,RR,0.592692019791048,0.187536174823282,0.410391160995332,0.855973187804568,0.00528345301995903
iptw,RR,1.50786099042419,0.10692680376037,1.22277076140849,1.85942029217647,0.000122598418731793
tmle,ATE,-0.00556120515586356,0.00159223724519799,-0.00868193281129489,-0.00244047750043222,0.000478165476955081
iptw,ATE,0.00501773031321092,0.00152817562382753,0.00202256112845693,0.00801289949796492,0.00102534820611939
tmle,RR,0.672258250080598,0.17613651179968,0.476001663000493,0.949431882133907,0.0241601124859009
iptw,RR,1.68511128946854,0.0995921856598645,1.3862947101506,2.04833794510105,1.60851558035589e-07
tmle,ATE,-0.00419145873209687,0.00155580720862565,-0.00724078482789094,-0.00114213263630281,0.00705846302118306
iptw,ATE,0.00655353945690424,0.00152212476723758,0.00357022973314217,0.00953684918066631,1.66593527737946e-05
tmle,RR,0.217117975083973,0.0617156842400965,0.192381494543286,0.245035081032486,3.29120231250017e-135
iptw,RR,0.216510586611406,0.0603752057546196,0.192347997090734,0.243708459790733,1.0612844500545e-141
tmle,ATE,-0.0103991631759476,0.000579769270389925,-0.0115354900652549,-0.00926283628664024,6.09403981766553e-72
iptw,ATE,-0.00759194059521,0.000403957158406726,-0.00838368207698433,-0.00680019911343568,8.46783448734789e-79
tmle,RR,0.671268541834626,0.162755194206887,0.487931462037014,0.923493339362902,0.0143257015734998
iptw,RR,1.62167073879144,0.100173278628131,1.3325853395748,1.97346909571397,1.39158154675841e-06
tmle,ATE,-0.00459214184522246,0.00158704199024298,-0.00770268698805147,-0.00148159670239346,0.00380946890661357
iptw,ATE,0.00612784474463119,0.00152430420355802,0.00314026340417445,0.00911542608508793,5.81751577733637e-05
tmle,RR,0.19375288693607,0.0618744762866734,0.171624993008917,0.218733766789498,5.09632355654823e-155
iptw,RR,0.143378532559131,0.068506125961613,0.125363645031899,0.163982178354649,7.96928788808748e-177
tmle,ATE,-0.0109510695908506,0.000523953724259965,-0.0119780000199658,-0.00992413916173548,5.26181176579283e-97
iptw,ATE,-0.00862760426191776,0.000410607350275863,-0.00943237988024587,-0.00782282864358965,5.1145966501507e-98
tmle,RR,0.612395784267912,0.18843022568729,0.423292032017728,0.885980760850712,0.00925656711965401
iptw,RR,1.4845109629017,0.111214628365573,1.19376088841407,1.84607555865151,0.000381648585180372
tmle,ATE,-0.00508900081548193,0.00156590232552557,-0.00815811297681957,-0.0020198886541443,0.00115452116623994
iptw,ATE,0.00465291126159313,0.00152947741697318,0.00165519060915836,0.00765063191402791,0.0023488892222267
tmle,RR,0.178708330507038,0.0629950332302058,0.157951344913585,0.202193070341283,1.60653025697301e-164
iptw,RR,0.122046440333281,0.0688353306867703,0.106643005785701,0.139674735237277,4.66224669685889e-205
tmle,ATE,-0.0114937834532561,0.000569100884654103,-0.012609200690748,-0.0103783662157642,1.05320776830476e-90
iptw,ATE,-0.00907942216760004,0.000401458875886322,-0.00986626710561117,-0.00829257722958892,3.01138301897308e-113
tmle,RR,0.209956716267164,0.0622553299261183,0.185839461714616,0.237203779536257,1.00981035715003e-138
iptw,RR,0.19243646752032,0.0610385481430238,0.170738424552827,0.216891974543443,1.51205111895318e-160
tmle,ATE,-0.0109112104652017,0.000615654293588885,-0.0121178707075634,-0.00970455022284006,2.78894063948473e-70
iptw,ATE,-0.00809153269555262,0.000406969906423208,-0.00888917905493374,-0.00729388633617149,5.78180471302195e-88
tmle,RR,0.6432252805062,0.168887706985004,0.461961335525013,0.895613398060837,0.00898186855123677
iptw,RR,1.61122058752152,0.100189751169459,1.32395532797441,1.96081523809794,1.92744553865001e-06
tmle,ATE,-0.00500384468266086,0.0015866828333211,-0.00811368589085818,-0.00189400347446353,0.00161241516370253
iptw,ATE,0.00609889136036589,0.00152878871659805,0.00310252053586249,0.00909526218486928,6.62512952555171e-05
tmle,RR,0.734697875926337,0.158448901378399,0.538563398567665,1.00226077436054,0.0516893529941424
iptw,RR,1.83000025722699,0.0963115667003824,1.51520221512926,2.21020066365541,3.50544784292863e-10
tmle,ATE,-0.00349234941590686,0.00157912469280408,-0.00658737694090072,-0.000397321890912993,0.0269961879006905
iptw,ATE,0.00759822541126245,0.00151674441405492,0.0046254609859625,0.0105709898365624,5.45540070404116e-07
tmle,RR,0.605072454622868,0.175170229056434,0.429242003436993,0.852928353730144,0.00412935048337654
iptw,RR,1.69249658796529,0.0924739005350553,1.41193230497624,2.02881164357406,1.26812565480105e-08
tmle,ATE,-0.00565326650020373,0.00158919796115508,-0.00876803726837218,-0.00253849573203528,0.000374674872619258
iptw,ATE,0.00720105856163112,0.00152760493224563,0.00420700791182393,0.0101951092114383,2.42956172679351e-06
tmle,RR,0.610837442309942,0.186143092392271,0.424111806415916,0.879773624037806,0.00809470127856314
iptw,RR,1.53544083993029,0.104430205446137,1.25124379221949,1.88418802761362,4.02117571477731e-05
tmle,ATE,-0.00515335192188917,0.00155382953324493,-0.00819880184516391,-0.00210790199861443,0.000911365755207381
iptw,ATE,0.00529912660582605,0.00152237057802699,0.00231533510176973,0.00828291810988238,0.00049984618377243
tmle,RR,0.589603770348175,0.185617787709749,0.409790706253168,0.848317447672949,0.0044244998629836
iptw,RR,1.68995726070231,0.0988873461104905,1.39220330290681,2.05139259261737,1.12013593169183e-07
tmle,ATE,-0.00569914415763888,0.00159173187280878,-0.00881888130138857,-0.00257940701388918,0.000342980071205396
iptw,ATE,0.00663119450242013,0.00152230008635371,0.00364754115950464,0.00961484784533562,1.32438795857599e-05
tmle,RR,0.139798482027687,0.0646191901121972,0.12316817356087,0.158674233872493,1.25637327579133e-203
iptw,RR,0.097768863877665,0.0793771947513188,0.0836824868282901,0.114226418289208,1.29583258545646e-188
tmle,ATE,-0.0119159942871819,0.00056081367642355,-0.0130151688950096,-0.0108168196793542,3.46299653224785e-100
iptw,ATE,-0.00910442938713879,0.000395939350345343,-0.00988045625387785,-0.00832840252039973,5.29041041614456e-117
tmle,RR,0.202783610188301,0.0615392407294848,0.179742407299683,0.228778467912915,3.18441206295856e-148
iptw,RR,0.219039097076308,0.0623190041556829,0.193854375540635,0.247495708643148,3.86234145814705e-131
tmle,ATE,-0.0107406893190679,0.000592910448364997,-0.0119027724439208,-0.00957860619421502,2.41807435704114e-73
iptw,ATE,-0.00751012661545328,0.000409097582748125,-0.008311943143802,-0.00670831008710456,2.86023733641129e-75
tmle,RR,0.150445088331755,0.0668627768494252,0.131966687260402,0.171510894703964,1.51784644481248e-176
iptw,RR,0.152397264599916,0.0681811202341488,0.133334119435333,0.174185919972276,1.38174610332347e-167
tmle,ATE,-0.0114027307457406,0.000654771165356454,-0.0126860586479546,-0.0101194028435267,6.36740024180929e-68
iptw,ATE,-0.00796463316394919,0.000384946433360028,-0.008719114309312,-0.00721015201858639,4.24118342690266e-95
tmle,RR,0.714616428749958,0.153317235056601,0.529138216489531,0.965110106065165,0.0284087360769027
iptw,RR,1.66079465852138,0.0980905619619904,1.37031717700619,2.01284705764195,2.31958127801952e-07
tmle,ATE,-0.00397811765473339,0.00157694877184317,-0.00706888045301068,-0.000887354856456113,0.0116468417781708
iptw,ATE,0.00652429717185514,0.00152484668007095,0.0035356525969706,0.00951294174673968,1.88023652396308e-05
tmle,RR,0.14070103363655,0.060755301750972,0.124905706817159,0.158493806014586,1.38071329150687e-228
iptw,RR,0.153905260008085,0.0659274376070114,0.135249580363404,0.175134214793951,3.00824132051567e-177
tmle,ATE,-0.0114324502289994,0.000502246881799058,-0.0124168360286731,-0.0104480644293257,1.07642674810246e-114
iptw,ATE,-0.00819744593144303,0.000385509376252745,-0.00895303042460091,-0.00744186143828515,2.44993507211353e-100
tmle,RR,0.149846234808311,0.0629708259776948,0.132447867616081,0.169530053525008,1.31481745591926e-199
iptw,RR,0.118759442039099,0.0723120482842464,0.103066142402028,0.136842271814382,8.15245899592343e-191
tmle,ATE,-0.0114434005204014,0.000556654459241416,-0.0125344232123482,-0.0103523778284546,6.60017966476003e-94
iptw,ATE,-0.00875170342125004,0.000399209620386299,-0.00953413989948909,-0.00796926694301099,1.58243128953184e-106
tmle,RR,0.12874529201351,0.0640693447710922,0.113552168277699,0.145971234781777,1.2666745483151e-224
iptw,RR,0.105268528286511,0.0675481932743681,0.0922149690731971,0.120169893879289,1.5219112150878e-243
tmle,ATE,-0.0128614911108029,0.000587608004352776,-0.0140131816363618,-0.011709800585244,3.38943117698423e-106
iptw,ATE,-0.00972249549945805,0.000425516564165101,-0.0105564926400469,-0.00888849835886922,1.50592481375872e-115
tmle,RR,0.208654754085386,0.0603958759800511,0.185361366088754,0.234875299643545,1.98058914859926e-148
iptw,RR,0.163554671798465,0.066745638248594,0.143499029403696,0.186413321248669,4.73243282493039e-162
tmle,ATE,-0.0104092156973146,0.000520821532998888,-0.0114300071443654,-0.00938842425026388,7.26973212254183e-89
iptw,ATE,-0.00780179227006009,0.00039342078794352,-0.00857288284519876,-0.00703070169492142,1.61914635927647e-87
tmle,RR,0.605798628926601,0.1757987855426,0.429228043299146,0.855004663694769,0.00435778327112406
iptw,RR,1.46680878909243,0.106728771583158,1.18994204088445,1.80809480616354,0.000331476912114103
tmle,ATE,-0.00562012226006625,0.00158425545828714,-0.00872520590062003,-0.00251503861951247,0.000388928097600213
iptw,ATE,0.00474059803346879,0.00153026180917939,0.00174134000056008,0.00773985606637749,0.0019489719223392
tmle,RR,0.637897249861985,0.175440643499521,0.452288331187892,0.899675877802918,0.0103902125851186
iptw,RR,1.5922993833326,0.0997544834575479,1.30952428458896,1.93613616486478,3.11268968494274e-06
tmle,ATE,-0.00488242165642355,0.00155767095394093,-0.00793540062591193,-0.00182944268693517,0.00172184152878835
iptw,ATE,0.00596378591229232,0.00152217984714542,0.00298036823389461,0.00894720359069002,8.93146216486007e-05
tmle,RR,0.559654839890339,0.19418073426776,0.382501659074896,0.818855375870023,0.00279756165583955
iptw,RR,1.57946300503688,0.098966231118029,1.30097589377668,1.91756311259396,3.86347489810693e-06
tmle,ATE,-0.00612035302780646,0.00158194726371957,-0.00922091269013851,-0.00301979336547442,0.000109339579796798
iptw,ATE,0.00594226757810548,0.0015270076757774,0.00294938752946557,0.00893514762674539,9.96486584522897e-05
tmle,RR,0.697002190132343,0.16110477331874,0.508278232563169,0.955799445904672,0.0250538596658275
iptw,RR,1.83323507269005,0.0933335294544068,1.52676611648507,2.20122178207493,8.3739952087942e-11
tmle,ATE,-0.00410654645045155,0.00157253010042773,-0.00718864881189505,-0.00102444408900806,0.00901654218972077
iptw,ATE,0.00792443336455011,0.00151834707924163,0.00494852777320493,0.0109003389558953,1.7977669454962e-07
tmle,RR,0.188301827561004,0.0645659014607071,0.165918930686209,0.213704235653933,1.85191555819689e-147
iptw,RR,0.174704092710218,0.0663064981955289,0.153413255345792,0.198949692716611,1.3951442166045e-152
tmle,ATE,-0.0104246474782494,0.000508912091493064,-0.0114220968488728,-0.00942719810762606,2.97951703542948e-93
iptw,ATE,-0.00759649257224748,0.000376989120930761,-0.00833537767183519,-0.00685760747265978,2.66791189143338e-90
tmle,RR,0.721877676998686,0.152690370217771,0.535171938526001,0.973719552606366,0.0328115242819501
iptw,RR,1.67635654517109,0.0948180134408567,1.39205743771523,2.01871789942106,5.07760105510663e-08
tmle,ATE,-0.0038598722629282,0.00157806191827673,-0.00695281678812479,-0.000766927737731612,0.0144468059920947
iptw,ATE,0.00686500031414123,0.00152565954751369,0.00387476254834473,0.00985523807993773,6.80515177745591e-06
tmle,RR,0.668217872950338,0.169042072442483,0.479765721052521,0.930694099509024,0.0170858075721024
iptw,RR,1.70105665070485,0.0956363126813767,1.41030485288818,2.05175052966837,2.77779648821927e-08
tmle,ATE,-0.00444782020308414,0.00155918299354683,-0.00750376271574328,-0.001391877690425,0.00433548718656163
iptw,ATE,0.00694234533874472,0.00152312516866936,0.00395707486420629,0.00992761581328316,5.16525897314371e-06
tmle,RR,0.691397304683363,0.161983317216515,0.503323528572036,0.949747440338473,0.0227108937465222
iptw,RR,1.82221662098184,0.0947116592751248,1.5134960544058,2.19390952762417,2.36443782397977e-10
tmle,ATE,-0.00422095183565879,0.00158698145165986,-0.00733137832504521,-0.00111052534627238,0.00782019016274318
iptw,ATE,0.007838191753951,0.0015296539783531,0.00484012504757052,0.0108362584603315,2.98867093013667e-07
tmle,RR,0.110677628948948,0.0769687003106153,0.0951796207914102,0.12869916320224,7.16078692065694e-180
iptw,RR,0.0930076160559099,0.0723189412521624,0.0807161648074335,0.107170808536816,1.49845658593786e-236
tmle,ATE,-0.0117873685275601,0.000558236908197328,-0.0128814927624678,-0.0106932442926523,5.74809192035629e-99
iptw,ATE,-0.0087932285580379,0.00039624099732298,-0.00956984664198917,-0.00801661047408662,4.13840448747859e-109
tmle,RR,0.237834682517196,0.0552593399892566,0.213421589914108,0.265040365554489,6.45743520957121e-149
iptw,RR,0.235233609484682,0.0576197322618076,0.210113214739434,0.263357310009338,3.32732833601831e-139
tmle,ATE,-0.0108777253613722,0.000545733184751835,-0.0119473427486542,-0.0098081079740903,2.13459424717397e-88
iptw,ATE,-0.00772280918629391,0.00041496873180117,-0.00853613295533447,-0.00690948541725336,2.63742137425359e-77
tmle,RR,0.263923973405718,0.0553129658582546,0.236807994071561,0.294144900012172,3.78068313905974e-128
iptw,RR,0.216461686859536,0.0598692931569923,0.192495332639991,0.243411937502435,4.1033260708299e-144
tmle,ATE,-0.010325411193187,0.000559951195840877,-0.0114228953701353,-0.00922792701623876,6.29256447858006e-76
iptw,ATE,-0.00836156558661466,0.000444285636994277,-0.00923234943397188,-0.00749078173925744,5.15433846313623e-79
tmle,RR,0.188436911299461,0.0644124063091408,0.166087916607779,0.213793214252516,5.00191909755132e-148
iptw,RR,0.151955990993869,0.0726445528628803,0.131790064847073,0.175207616945349,2.56485112678108e-148
tmle,ATE,-0.0108306635756548,0.000589643665026997,-0.0119863439228199,-0.00967498322848964,2.36328801627113e-75
iptw,ATE,-0.00782169892558861,0.000382110306673312,-0.00857062136478985,-0.00707277648638736,4.00746283586148e-93
tmle,RR,0.655381783821942,0.162474807961959,0.47664556762982,0.901141879282544,0.00930519584926614
iptw,RR,1.69483431208552,0.0951790081063293,1.4064060604031,2.04241394167421,2.97194695854081e-08
tmle,ATE,-0.00490453660150821,0.00156692765195395,-0.00797565836571788,-0.00183341483729855,0.00174786157025913
iptw,ATE,0.00699018540775277,0.00152656798703392,0.00399816713321447,0.00998220368229107,4.67159439749739e-06
tmle,RR,0.624309158322118,0.17699770095627,0.441305143915197,0.88320276919267,0.00777539143224845
iptw,RR,1.74535175389208,0.0966103354048165,1.44426903518862,2.10920034328391,8.16702214050154e-09
tmle,ATE,-0.00515750298704219,0.00157615130316537,-0.00824670277543219,-0.0020683031986522,0.00106709102040577
iptw,ATE,0.00715271375779541,0.00152397078187061,0.00416578591183768,0.0101396416037531,2.68607145452074e-06
tmle,RR,0.668471239524983,0.166522166726527,0.48232392109564,0.926459954664908,0.0155774325243034
iptw,RR,1.72192626174689,0.0969099433154688,1.42404809238439,2.08211370581526,2.05012310528487e-08
tmle,ATE,-0.00454165721344561,0.00158419892012036,-0.00764663004122877,-0.00143668438566246,0.00414582319545506
iptw,ATE,0.00701397054406229,0.00152460581217029,0.00402579806158809,0.0100021430265365,4.21449479141032e-06
tmle,RR,0.645705413675737,0.167694767676537,0.46482810879993,0.896967015025356,0.00909715580928782
iptw,RR,1.63370398105094,0.0987315456753422,1.34627234083839,1.98250280923069,6.64162519698327e-07
tmle,ATE,-0.00498737410206593,0.00158993993323701,-0.00810359910879248,-0.00187114909533938,0.00170784087646277
iptw,ATE,0.00630381197710936,0.00152596655829209,0.00331297248124431,0.00929465147297441,3.61143146025802e-05
tmle,RR,0.217016777133637,0.0581030394132755,0.193658209758311,0.243192796299458,2.22642658985893e-152
iptw,RR,0.16238273172178,0.0625927463246611,0.143635172694624,0.183577260825157,1.9593883477097e-185
tmle,ATE,-0.0110258019887804,0.000591037708439685,-0.0121842146108273,-0.00986738936673352,1.15025713942242e-77
iptw,ATE,-0.00815486624229452,0.000401478230899801,-0.00894174911543498,-0.00736798336915405,1.00512234792189e-91
tmle,RR,0.672438768535622,0.162587308357259,0.488942936358657,0.92479891579417,0.0146544887701325
iptw,RR,1.61740714241394,0.0996583622250967,1.33042379845953,1.9662951514853,1.40195539776687e-06
tmle,ATE,-0.00456870501243964,0.00158401580655946,-0.00767331894423835,-0.00146409108064092,0.0039234130526834
iptw,ATE,0.00616824601145835,0.00152577452710798,0.00317778288979807,0.00915870913311863,5.28396028938177e-05
tmle,RR,0.17707400902141,0.0607083803653692,0.157209849859329,0.199448092463486,7.32481563975349e-179
iptw,RR,0.185903457377005,0.0580245654341425,0.165919284828451,0.208294626513468,7.21628585978685e-185
tmle,ATE,-0.0116564006021471,0.000530905391531277,-0.0126969560487466,-0.0106158451555477,7.63922593856231e-107
iptw,ATE,-0.00853949575586394,0.000411143124967922,-0.00934532147329232,-0.00773367003843556,8.06413923362433e-96
tmle,RR,0.509714419494909,0.212714173106204,0.335941987503615,0.773373972606613,0.00153426575017215
iptw,RR,1.54798908350985,0.104354047733313,1.26165777160344,1.89930285105783,2.82351938924675e-05
tmle,ATE,-0.00681564395972338,0.00158314807939794,-0.0099185571775371,-0.00371273074190965,1.66894528434267e-05
iptw,ATE,0.00539873114214437,0.00152484349889461,0.00241009280225088,0.00838736948203786,0.000399347071460039
tmle,RR,0.665481663444858,0.162025054883779,0.48441782651964,0.914222846758469,0.0119551870079274
iptw,RR,1.62783399622958,0.100007043218713,1.33808580848839,1.98032405879428,1.10384833491379e-06
tmle,ATE,-0.00472423496524604,0.00158358952386336,-0.00782801339831316,-0.00162045653217893,0.00285209919622634
iptw,ATE,0.00617937332798961,0.00152463727245112,0.00319113918449803,0.00916760747148119,5.05623841072862e-05
tmle,RR,0.202049743063284,0.0615436691822362,0.179090371078844,0.227952504794166,7.22804511045743e-149
iptw,RR,0.221959368661741,0.0587561900745676,0.197815410302542,0.249050168848678,9.42798583158699e-145
tmle,ATE,-0.0118837979587427,0.000647216951094585,-0.0131523198730719,-0.0106152760444135,2.67704614197654e-75
iptw,ATE,-0.00820728337260723,0.0004268933080904,-0.00904397888170558,-0.00737058786350888,2.25975286193609e-82
tmle,RR,0.603590056893814,0.184565526247727,0.420377648143309,0.866651589089432,0.00623050424048695
iptw,RR,1.56336453243195,0.103614263507742,1.27603807728605,1.91538850193596,1.61392530573376e-05
tmle,ATE,-0.00540227324490076,0.00158974842982846,-0.00851812291184365,-0.00228642357795788,0.000678323513389927
iptw,ATE,0.00553246592892836,0.00152224795153382,0.0025489147683822,0.00851601708947453,0.000278622639034763
tmle,RR,0.138563969935326,0.0725111671894288,0.120206707048438,0.159724646283683,1.37996689228017e-163
iptw,RR,0.0588350623044879,0.105007588023249,0.0478909659463301,0.0722801156329199,2.5951656891959e-160
tmle,ATE,-0.0121527637859742,0.000591730051781733,-0.0133125333760364,-0.010992994195912,9.91841216949242e-94
iptw,ATE,-0.00948226247606472,0.000390047323907199,-0.0102467411831891,-0.00871778376894038,1.51650818790981e-130
tmle,RR,0.568833273639788,0.186575146053934,0.394613501262334,0.819970153491154,0.00249612654787643
iptw,RR,1.50765791143205,0.105208621292429,1.22673023732029,1.85291949994558,9.52762539972647e-05
tmle,ATE,-0.00614215241252064,0.00158722068603047,-0.00925304779265731,-0.00303125703238397,0.000108945559796458
iptw,ATE,0.00511480837010433,0.00152862564673893,0.00211875715665178,0.00811085958355688,0.000819811817889018
tmle,RR,0.222883548310884,0.0571955684058305,0.199247580792655,0.249323358958854,8.12105684510443e-152
iptw,RR,0.230494386552783,0.0604098615135061,0.204757296023445,0.259466516036921,2.33191857651647e-130
tmle,ATE,-0.0101677291918663,0.000504075491574528,-0.0111556990008417,-0.00917975938289087,1.75884459057277e-90
iptw,ATE,-0.00736198229809149,0.000390669899552839,-0.00812768123105893,-0.00659628336512404,3.25978108391181e-79
tmle,RR,0.636120847602914,0.172260885367502,0.453848492769594,0.891596511174223,0.00863806192238766
iptw,RR,1.63680094276197,0.101462510918527,1.34162400611506,1.99692112992551,1.195322430412e-06
tmle,ATE,-0.00507645120989992,0.00159153629789811,-0.00819580503386842,-0.00195709738593141,0.00142442884958132
iptw,ATE,0.00614918043732986,0.00152762322851756,0.00315509392748865,0.00914326694717107,5.68966064310628e-05
tmle,RR,0.159067945760671,0.0642353356030109,0.140250835057797,0.180409702074806,3.77423132130663e-180
iptw,RR,0.140315229227273,0.0683864489284211,0.122714013160164,0.160441037222092,2.33059346280796e-181
tmle,ATE,-0.0115887849838674,0.000591675328890257,-0.0127484473190332,-0.0104291226487016,2.02008371614533e-85
iptw,ATE,-0.0087814687485945,0.000415050243658886,-0.00959495227794049,-0.00796798521924851,2.3485677709821e-99
tmle,RR,0.128157876176934,0.063165773047383,0.113234429981133,0.145048120336889,4.66455183354505e-232
iptw,RR,0.132543205390385,0.0678673895366081,0.116034902732662,0.151400146692352,7.89659383619875e-195
tmle,ATE,-0.0116571639265279,0.000514545219856936,-0.0126656540258648,-0.0106486738271911,1.23766815003968e-113
iptw,ATE,-0.00896272837082037,0.000412058600255795,-0.00977034838684172,-0.00815510835479903,6.74412477719244e-105
tmle,RR,0.65130711484243,0.177139232214082,0.460261485246713,0.921652085698603,0.0154971391560599
iptw,RR,1.6511591985749,0.100518018670245,1.35590060874131,2.01071279226681,6.0713930963662e-07
tmle,ATE,-0.00457991211309992,0.00155996132892377,-0.00763738013506575,-0.00152244409113408,0.00332566640029943
iptw,ATE,0.00630616465531894,0.00152768561705831,0.00331195586618481,0.00930037344445307,3.66058745348376e-05
tmle,RR,0.235034328068643,0.0594127073984943,0.209198761842581,0.264060527338334,3.36519977345151e-131
iptw,RR,0.207910108552245,0.0629629541412727,0.183772888461193,0.235217575346182,2.38279334946248e-137
tmle,ATE,-0.0109320811615059,0.000617502324226181,-0.012142363477359,-0.00972179884565283,3.92582969594841e-70
iptw,ATE,-0.00766806927371504,0.000413972889896456,-0.00847944122848806,-0.00685669731894203,1.34418252199064e-76
tmle,RR,0.222212279082999,0.0617971582776286,0.196863960135865,0.250824462441894,7.45896670671609e-131
iptw,RR,0.214233209717849,0.0613131387886085,0.189975220054825,0.241588708952498,2.44544245606423e-139
tmle,ATE,-0.0105855212545247,0.000607423936982056,-0.0117760502943571,-0.00939499221469239,5.15592644669315e-68
iptw,ATE,-0.00759097143131074,0.000419974597074976,-0.00841410651599941,-0.00676783634662207,5.03058753942995e-73
tmle,RR,0.162564244024504,0.066860454507347,0.142597958079438,0.185326170102215,1.42065591718791e-162
iptw,RR,0.193071733129422,0.0639978519997706,0.170311363037023,0.218873793673388,1.19325402776223e-145
tmle,ATE,-0.0114586502348096,0.000563654291074752,-0.0125633923450476,-0.0103539081245716,7.0925631493284e-92
iptw,ATE,-0.00767518049266941,0.00038923559744613,-0.00843806824516476,-0.00691229274017407,1.4930845937004e-86
tmle,RR,0.164752440365436,0.0653052411828732,0.144958582703278,0.187249116955894,7.64519645228431e-168
iptw,RR,0.132365252696776,0.0639274803213129,0.116777405794305,0.150033818633912,1.31733113882589e-219
tmle,ATE,-0.0115174366891239,0.000587280867323851,-0.0126684860378881,-0.0103663873403597,1.23431217264423e-85
iptw,ATE,-0.00884399723273399,0.000403527648271418,-0.00963489689011211,-0.00805309757535586,1.80017762581068e-106
tmle,RR,0.617898351624963,0.182981583545145,0.43168089692673,0.884445838717877,0.00851247705965197
iptw,RR,1.52247293301119,0.102816950732524,1.24460526325721,1.86237669097232,4.34739030948644e-05
tmle,ATE,-0.00513837668354039,0.00158094223959179,-0.00823696653477838,-0.00203978683230239,0.00115324330456253
iptw,ATE,0.00531429957022407,0.0015288758041402,0.00231775805727457,0.00831084108317357,0.000509042565564763
tmle,RR,0.214557148133808,0.0614203437956649,0.190222505011823,0.242004855379503,1.36654422585128e-138
iptw,RR,0.194413796808763,0.0586166757724245,0.173313533632434,0.218082936729909,8.65238334033011e-172
tmle,ATE,-0.0105523010176492,0.000570843831232355,-0.0116711343676615,-0.00943346766763693,2.70469236216335e-76
iptw,ATE,-0.00777633655571479,0.000385952085938118,-0.00853278874391161,-0.00701988436751797,2.77669000483304e-90
tmle,RR,0.629374606683875,0.176544684219584,0.445280943118015,0.889578594504321,0.00872289480261736
iptw,RR,1.5198306140303,0.101961424791536,1.24453027566975,1.85602965271428,4.03505293355919e-05
tmle,ATE,-0.00507759957114705,0.00158596626513765,-0.00818603633151234,-0.00196916281078176,0.00136675610013849
iptw,ATE,0.00536139927036027,0.00153098859664593,0.00236071676019274,0.00836208178052781,0.000461918650933905
tmle,RR,0.193404706375913,0.061711010398674,0.171371473471591,0.218270752363892,3.61742856229132e-156
iptw,RR,0.171388873203741,0.0653606192125421,0.150781327846609,0.194812887494468,2.1590102633746e-160
tmle,ATE,-0.0106457537426212,0.000505298053165797,-0.0116361197282844,-0.00965538775695807,1.55523316338233e-98
iptw,ATE,-0.00792977734822996,0.000385706390109218,-0.00868574798145099,-0.00717380671500894,6.38018010924472e-94
tmle,RR,0.611759489636968,0.17619661977195,0.433113659024622,0.864091134885239,0.0052867644430431
iptw,RR,1.48190083801149,0.105987609377487,1.20393302290695,1.82404673010526,0.000206399049398848
tmle,ATE,-0.00546648724156743,0.00158692152259493,-0.00857679627214496,-0.00235617821098991,0.000571668635450793
iptw,ATE,0.00487502269711962,0.00152652646926599,0.00188308579591119,0.00786695959832805,0.00140540070888057
tmle,RR,0.631467212845025,0.181262159312097,0.442649702047356,0.900827085286514,0.011207653878804
iptw,RR,1.68071658810773,0.101283762614626,1.37810272474149,2.04978061419216,2.95347772742936e-07
tmle,ATE,-0.00486750385117328,0.00155992067639511,-0.00792489219564704,-0.00181011550669951,0.00180634159642474
iptw,ATE,0.00643994264386474,0.00152618951903556,0.00344866615297254,0.00943121913475694,2.44712432146901e-05
tmle,RR,0.649164496814486,0.170740677917129,0.464536701076633,0.907171689443943,0.0113881361455555
iptw,RR,1.71421726879513,0.0956855321437332,1.42107890668466,2.06782384202082,1.77531737696529e-08
tmle,ATE,-0.00482570471760173,0.00158831058811746,-0.00793873626657558,-0.00171267316862788,0.00237946474608553
iptw,ATE,0.00700657218981815,0.00152171297711533,0.00402406955986488,0.00998907481977141,4.13660696391044e-06
tmle,RR,0.274344478907342,0.0560597154952622,0.245797866108669,0.306206454508704,8.99128060591318e-118
iptw,RR,0.282636698630532,0.0553112286963164,0.253599006843256,0.314999275459073,1.63322753784608e-115
tmle,ATE,-0.00960930869855841,0.000572630437680689,-0.010731643732864,-0.00848697366425285,3.36154365415954e-63
iptw,ATE,-0.00694804850177135,0.000392707425792153,-0.00771774091278541,-0.0061783560907573,4.77457911249743e-70
tmle,RR,0.164518272333009,0.0640942298555709,0.145096532155074,0.186539688643355,1.93940722634127e-174
iptw,RR,0.14711927805402,0.0645853869293254,0.129626681795992,0.166972429404617,1.65925103049016e-193
tmle,ATE,-0.0113262910020527,0.000582306530788597,-0.0124675908303608,-0.0101849911737446,2.87274125992061e-84
iptw,ATE,-0.00832196324552679,0.000380743244316026,-0.00906820629174313,-0.00757572019931044,6.64626454851281e-106
tmle,RR,0.206772724087743,0.0587090469406284,0.184297743548245,0.23198851273767,9.25573466688297e-159
iptw,RR,0.18716636014602,0.059589465990099,0.166534857293324,0.210353837867154,5.31771723565926e-174
tmle,ATE,-0.0117454810903307,0.000596188129344581,-0.0129139883518563,-0.010576973828805,2.11551978793692e-86
iptw,ATE,-0.00895869008577578,0.000418074706370539,-0.00977810145310919,-0.00813927871844236,7.25662309079637e-102
tmle,RR,0.252120364954249,0.0581029621001532,0.224983462403515,0.282530447996478,2.59104392534436e-124
iptw,RR,0.244095438728475,0.058775755521143,0.217535254524456,0.273898515154692,3.30481498993416e-127
tmle,ATE,-0.0106942232389406,0.000603137140140885,-0.0118763503113552,-0.00951209616652593,2.41706825427063e-70
iptw,ATE,-0.00761898110785122,0.000411361523599828,-0.00842523487873241,-0.00681272733697004,1.38844864631774e-76
tmle,RR,0.650356071119493,0.172114763144916,0.4641377010261,0.911287788746552,0.0124298534262594
iptw,RR,1.54932199436054,0.103393287733673,1.26512419096863,1.89736206085149,2.29075223956111e-05
tmle,ATE,-0.00473783337256762,0.00156527981922767,-0.00780572544398122,-0.00166994130115403,0.00247134230264305
iptw,ATE,0.00548209798331766,0.00152894061552255,0.00248542944239297,0.00847876652424236,0.000336364365577746
tmle,RR,0.638821074672358,0.180075763310114,0.448847145346119,0.909201205080307,0.0128258526795316
iptw,RR,1.67346059157322,0.0996973944682139,1.37642614556288,2.03459543439825,2.40998477754174e-07
tmle,ATE,-0.00474581484831018,0.00156006910387201,-0.007803494105293,-0.00168813559132736,0.00234969542090511
iptw,ATE,0.0065091965199447,0.00152387467544333,0.00352245703912311,0.00949593600076629,1.94182047247035e-05
tmle,RR,0.205908887756238,0.0594207465372412,0.183271975666145,0.231341807185215,7.66259497073449e-156
iptw,RR,0.207024875160418,0.0605716644145517,0.183850085935039,0.233120907815787,4.84047324558498e-149
tmle,ATE,-0.0109335589175932,0.000534011706118021,-0.0119802026289073,-0.00988691520627908,3.64350432031356e-93
iptw,ATE,-0.00807867481094734,0.000415966980839481,-0.00889395511215059,-0.0072633945097441,5.08511304820691e-84
tmle,RR,0.648605948070907,0.173999023369148,0.461182362627854,0.91219810201725,0.012842150490968
iptw,RR,1.62121531425608,0.100064296681269,1.33249569241182,1.97249350234007,1.37457659582669e-06
tmle,ATE,-0.00472322405019554,0.00157443383204974,-0.0078090576570544,-0.00163739044333667,0.00270023209816478
iptw,ATE,0.00616059471765994,0.00152641122782322,0.00316888368552887,0.00915230574979101,5.4370367228407e-05
