estimator,parameter,estimate,std.dev,ci.lb,ci.ub,pvalue
tmle,RR,0.148597229705388,0.0643829987901809,0.130980850173758,0.168582939008437,1.04393496079751e-192
iptw,RR,0.209374679806342,0.0604239637033601,0.185990682920496,0.235698669716412,1.18896672100309e-147
tmle,ATE,-0.0121419071354292,0.000598678897815321,-0.0133152962134514,-0.010968518057407,1.88600493816243e-91
iptw,ATE,-0.00812127315228774,0.000410366090546884,-0.00892557591023614,-0.00731697039433935,3.60798167218716e-87
tmle,RR,0.163614750891826,0.0656187421335245,0.1438691510455,0.18607037377268,1.58257492466698e-167
iptw,RR,0.172846475070688,0.0641000959891315,0.152439819757191,0.195984907302755,4.19118837033739e-165
tmle,ATE,-0.01114173763939,0.000517633658786686,-0.0121562809677976,-0.0101271943109824,9.20659542861753e-103
iptw,ATE,-0.00797276018828428,0.000402029506191226,-0.00876072354114151,-0.00718479683542705,1.59914226495596e-87
tmle,RR,0.245143558076457,0.0586223177203834,0.218535038042241,0.274991894227822,4.23197990028122e-127
iptw,RR,0.203791936439955,0.0615053021622048,0.180648178925428,0.229900758507458,1.77903769872923e-147
tmle,ATE,-0.0103408687064758,0.000577363613366988,-0.011472480594659,-0.00920925681829256,9.76613659577222e-72
iptw,ATE,-0.00792778711716951,0.00040318252511025,-0.00871801034558151,-0.0071375638887575,4.47267794333326e-86
tmle,RR,0.569613278793199,0.192176046586365,0.390840497632416,0.8301577992634,0.00340544516459475
iptw,RR,1.60062266623425,0.101312244455832,1.31235649138728,1.95220805968246,3.43386860705732e-06
tmle,ATE,-0.00590987176086186,0.00156005221730076,-0.00896751792077321,-0.00285222560095051,0.000151710603692056
iptw,ATE,0.00592405645129697,0.00152292764162176,0.00293917312265779,0.00890893977993614,0.000100280053050006
tmle,RR,0.721280141145993,0.153828925120796,0.533537017296319,0.975087060777729,0.0336728426164811
iptw,RR,1.68343111712052,0.0957518668051581,1.39537588685489,2.03095119586537,5.34561131941316e-08
tmle,ATE,-0.00383330371270304,0.00157381802214736,-0.00691793035433193,-0.000748677071074158,0.0148641762759286
iptw,ATE,0.00682264367005157,0.00152293169931979,0.0038377523884704,0.00980753495163275,7.46637873609568e-06
tmle,RR,0.5875895913686,0.183910089750484,0.409759981799629,0.842594551006081,0.00383735973795321
iptw,RR,1.49832981986532,0.106413801324131,1.2162639404502,1.84581008647403,0.000144813613529682
tmle,ATE,-0.00576679526481448,0.00156858499289995,-0.00884116535758841,-0.00269242517204056,0.000236519335170977
iptw,ATE,0.00497406415640462,0.00152825802099165,0.00197873347617654,0.00796939483663271,0.00113501017727902
tmle,RR,0.256008627057526,0.0584294290203951,0.228307080446696,0.287071329542849,2.81266614044114e-120
iptw,RR,0.228110138251174,0.058453502673793,0.203417763941161,0.255799858207174,4.81482185059492e-141
tmle,ATE,-0.010778143544188,0.000650903657099961,-0.0120538912695094,-0.00950239581886671,1.38466480530152e-61
iptw,ATE,-0.00776680365447003,0.000407552550895343,-0.00856559197603233,-0.00696801533290773,5.72764930899834e-81
tmle,RR,0.670603626783907,0.167576529147387,0.482863633022117,0.931337946163222,0.0171048991784201
iptw,RR,1.60165093971884,0.0996730044115177,1.31742547677288,1.9471960865567,2.29208329012991e-06
tmle,ATE,-0.00443444286965415,0.00155842225605231,-0.00748889436422234,-0.00137999137508597,0.00443460175338865
iptw,ATE,0.00604827743916473,0.00152566440831174,0.0030580301463791,0.00903852473195036,7.35942364950065e-05
tmle,RR,0.121928521906516,0.0712976094663597,0.106027048944896,0.140214828218355,1.87045171517797e-191
iptw,RR,0.113041504855715,0.0690735605208951,0.0987284705216559,0.129429553122082,1.28452122954945e-218
tmle,ATE,-0.0119839387026377,0.000533728907242196,-0.0130300281383403,-0.0109378492669351,1.18998849677143e-111
iptw,ATE,-0.00882834778468832,0.000417020281528513,-0.00964569251730696,-0.00801100305206968,1.80296510829835e-99
tmle,RR,0.149200921235177,0.0672572295402058,0.130774192518352,0.170224066910615,5.08762581713262e-176
iptw,RR,0.109882680454006,0.0745861484916068,0.0949382889491099,0.127179493093976,1.18102737006023e-192
tmle,ATE,-0.0116667876273317,0.000559968110135224,-0.0127643049556877,-0.0105692702989757,2.09668522261927e-96
iptw,ATE,-0.00901333704282473,0.000392770740825072,-0.00978315354902299,-0.00824352053662647,1.53973693142519e-116
tmle,RR,0.679041503325316,0.168132747098251,0.488406534205789,0.944085164601877,0.0213246272833871
iptw,RR,1.68418969951811,0.100432044416189,1.38325769766958,2.0505903916108,2.09819520609778e-07
tmle,ATE,-0.00428054803336469,0.00157860794280517,-0.00737456274697168,-0.00118653331975769,0.00669600140253977
iptw,ATE,0.00656418807750386,0.00152844618071183,0.00356848861100087,0.00955988754400686,1.74945061473867e-05
tmle,RR,0.658703217526798,0.166166757277143,0.475607160587147,0.912286367271068,0.0119903191178411
iptw,RR,1.62161222160162,0.0990604508053772,1.33544682604721,1.96909839160813,1.06054063013092e-06
tmle,ATE,-0.0047399563789836,0.0015780312597756,-0.00783284081462216,-0.00164707194334505,0.00266704913363052
iptw,ATE,0.00624206617039332,0.00152924569861234,0.00324479967760034,0.0092393326631863,4.46893677278122e-05
tmle,RR,0.657561911463056,0.170423635707927,0.470838304929035,0.918335791460549,0.0138995601728696
iptw,RR,1.70441480871732,0.0969510690862616,1.40945235390434,2.0611053875838,3.79992338221528e-08
tmle,ATE,-0.00466718341763354,0.00158600868761479,-0.00777570332452617,-0.00155866351074092,0.00325339923430615
iptw,ATE,0.00689081763192743,0.00152728170698408,0.00389740049199177,0.00988423477186309,6.42742230548564e-06
tmle,RR,0.648862717141113,0.16332776377364,0.471116132682055,0.893671000606311,0.00809076684371997
iptw,RR,1.64900631749645,0.096706804544559,1.36428573512261,1.99314686442779,2.31533884907305e-07
tmle,ATE,-0.00505274207516667,0.00158886250270599,-0.00816685535685658,-0.00193862879347675,0.0014722409979028
iptw,ATE,0.00658248255884488,0.00152899856952002,0.00358570043017238,0.00957926468751739,1.66914849959637e-05
tmle,RR,0.688979797618254,0.161020015038779,0.502511496867042,0.944641395242917,0.0206871427800711
iptw,RR,1.62736716810168,0.0972705858229132,1.34489592336212,1.96916642679285,5.54929485985691e-07
tmle,ATE,-0.00430376865335626,0.00159739560461159,-0.00743460650745756,-0.00117293079925495,0.00705491432694957
iptw,ATE,0.0064019079814089,0.00153096057861695,0.00340128038556906,0.00940253557724873,2.89428937967258e-05
tmle,RR,0.237587309108173,0.0568251660578865,0.212546310062817,0.265578496434869,3.91540342799198e-141
iptw,RR,0.186402017889706,0.0614865220362037,0.165239239323921,0.210275188965508,2.41380689467536e-164
tmle,ATE,-0.0102859428257985,0.000522036255145722,-0.0113091150845083,-0.00926277056708874,2.01206002883908e-86
iptw,ATE,-0.00783379991786687,0.000387821329780165,-0.00859391575667242,-0.00707368407906131,9.88781508633988e-91
tmle,RR,0.554609714255045,0.196460025211286,0.37736393815802,0.815106861157621,0.00269481237698167
iptw,RR,1.43176530586795,0.106347918597085,1.16238051717835,1.76358073865807,0.000738562134975964
tmle,ATE,-0.00619269979679816,0.00159612161012381,-0.00932104066758692,-0.0030643589260094,0.000104524302836376
iptw,ATE,0.00449073890997352,0.00152914174014899,0.00149367617202459,0.00748780164792244,0.00331649051513683
tmle,RR,0.22099562983861,0.0540506092842582,0.198781390223849,0.245692357583202,1.16623555902438e-171
iptw,RR,0.2880643913625,0.0539991842030502,0.259134590206297,0.320223917250825,1.54171545261956e-117
tmle,ATE,-0.010432200883498,0.000505422276606753,-0.0114228103426315,-0.00944159142436453,1.18669591527344e-94
iptw,ATE,-0.00672078555700013,0.00038353338250538,-0.0074724971735795,-0.00596907394042076,9.50775222234807e-69
tmle,RR,0.597204417012149,0.176968153062139,0.422170075530289,0.84480908612679,0.00358055016640235
iptw,RR,1.42948294376872,0.103299881530749,1.16748137050788,1.75028187870505,0.000542213923557233
tmle,ATE,-0.00578094450167365,0.00158945209870858,-0.00889621337029406,-0.00266567563305324,0.000275759731277449
iptw,ATE,0.00464599411036541,0.00153543750080124,0.00163659190828278,0.00765539631244803,0.00247940315542149
tmle,RR,0.149996462938918,0.0616980048046766,0.132911812724354,0.169277195405098,1.26629202022225e-207
iptw,RR,0.135163180546311,0.0676845996834226,0.118370959230423,0.154337562981403,3.89879009970045e-192
tmle,ATE,-0.0125502470421733,0.000593277986661292,-0.0137130505288499,-0.0113874435554968,2.53104646491625e-99
iptw,ATE,-0.00910367637307184,0.000415744907089499,-0.00991852141772321,-0.00828883132842047,2.75849795684342e-106
tmle,RR,0.674699693937538,0.163381968941837,0.489823400576903,0.929354694902816,0.0160230312804334
iptw,RR,1.63913195818584,0.0988407879387391,1.3504561487717,1.98951560092481,5.74421232952586e-07
tmle,ATE,-0.0044728666741449,0.00156179403728009,-0.00753392673848328,-0.00141180660980652,0.00418422262593884
iptw,ATE,0.00634106791099945,0.00152673489315236,0.00334872250648022,0.00933341331551868,3.2763969065955e-05
tmle,RR,0.225362390970909,0.0580013231940001,0.201145641159356,0.252494694746522,1.51760400918653e-145
iptw,RR,0.238194714449512,0.0558209598737214,0.213509514524102,0.265733928149042,1.13272539063328e-145
tmle,ATE,-0.0111503297505664,0.000625634265078458,-0.0123765503776144,-0.00992410912351846,4.73256428903712e-71
iptw,ATE,-0.00803446916686968,0.000420324553917111,-0.00885829015436508,-0.00721064817937428,1.89719867985881e-81
tmle,RR,0.122925526509943,0.0670624111025498,0.107785030585761,0.140192798439888,1.78774980110229e-214
iptw,RR,0.12547749581533,0.0726398572383137,0.108826505583903,0.144676169390989,1.40433425186389e-179
tmle,ATE,-0.0116358767479978,0.000510547322796954,-0.0126365311130832,-0.0106352223829125,5.63331443386869e-115
iptw,ATE,-0.00861301802108943,0.000401526289917337,-0.0093999950881734,-0.00782604095400546,4.49879356471084e-102
tmle,RR,0.648057606534133,0.169758245374017,0.464638435171901,0.903882738911537,0.0106109882984723
iptw,RR,1.51273527058533,0.104974849918468,1.23142560231418,1.85830795995503,8.04570926940389e-05
tmle,ATE,-0.00487795531596035,0.00158458308336465,-0.00798368108986649,-0.00177222954205421,0.00208126492738507
iptw,ATE,0.00514547350053407,0.00153087977539243,0.00214500427610414,0.00814594272496401,0.00077626564580831
tmle,RR,0.659340878807267,0.166777505795771,0.475498041309429,0.914263270715428,0.0125098292217103
iptw,RR,1.67218683958106,0.0987253559462424,1.37800129528381,2.02917721197947,1.91193433034007e-07
tmle,ATE,-0.00474881626916821,0.00159904569234025,-0.00788288823578902,-0.00161474430254741,0.00298011660788563
iptw,ATE,0.00657159635463737,0.00152710197234816,0.0035785314881149,0.00956466122115984,1.68263577345557e-05
tmle,RR,0.653636155471452,0.166830381701638,0.471335106489809,0.90644685247679,0.0108118159627535
iptw,RR,1.57954332611439,0.0974194816357738,1.30499224177499,1.91185590167111,2.69956256730251e-06
tmle,ATE,-0.00482336953578173,0.00156885772587346,-0.00789827417536111,-0.00174846489620234,0.00210893366157366
iptw,ATE,0.00608869865143234,0.00153419114770322,0.00308173925653385,0.00909565804633082,7.22748347262809e-05
tmle,RR,0.589874274449428,0.182481395596805,0.412506703610693,0.843505466969628,0.00382066374750001
iptw,RR,1.49517733677958,0.102363812604354,1.22337744790086,1.82736347825862,8.51011768505522e-05
tmle,ATE,-0.00579708525401027,0.00159644302505542,-0.00892605608648907,-0.00266811442153147,0.000282050756749122
iptw,ATE,0.00516539392059146,0.00153054210741213,0.00216558651324166,0.00816520132794127,0.000738482395756018
tmle,RR,0.703044690763618,0.161485307173846,0.512302399747175,0.964804844667599,0.029121473558179
iptw,RR,1.75771545730129,0.0977687595037966,1.45120128058079,2.1289697509083,7.9806449649689e-09
tmle,ATE,-0.00399414992930411,0.00158044796044122,-0.00709177101120869,-0.000896528847399534,0.0114967338551527
iptw,ATE,0.00717720267543524,0.00152496875468749,0.00418831883869887,0.0101660865121716,2.52056848726091e-06
tmle,RR,0.635034393022415,0.166675372340203,0.458060573889405,0.88038286486257,0.00644351323905224
iptw,RR,1.50909473369597,0.102452065673621,1.23455131709915,1.84469198139135,5.90413961225966e-05
tmle,ATE,-0.00523100182659322,0.00157051244012549,-0.00830914964651131,-0.00215285400667514,0.000866088805951679
iptw,ATE,0.00525988115111228,0.00153152803994525,0.00225814135150637,0.0082616209507182,0.000593865356878937
tmle,RR,0.678183936615021,0.169974547948194,0.486032042026409,0.946302737500701,0.0223318451335296
iptw,RR,1.63771225600409,0.0993119159809717,1.34804112954416,1.98962878408091,6.79330361963405e-07
tmle,ATE,-0.00421918297936143,0.00155344506318555,-0.00726387935516666,-0.00117448660355619,0.00660725536136805
iptw,ATE,0.00629969700045106,0.00152477136014908,0.0033112000499007,0.00928819395100142,3.60296617733575e-05
tmle,RR,0.592422498896234,0.185242194006697,0.412053020759262,0.851745769395791,0.00471008829759871
iptw,RR,1.50051947822553,0.107585292927185,1.21524787407239,1.85275675240565,0.000161946416095925
tmle,ATE,-0.00563264873359361,0.00158591608074127,-0.00874098713434941,-0.0025243103328378,0.000382796303935146
iptw,ATE,0.00493631394625724,0.00152923064134147,0.00193907696517286,0.00793355092734161,0.00124671104056481
tmle,RR,0.653318018682729,0.170119236640144,0.468078700666892,0.911864677729218,0.0123385445412145
iptw,RR,1.7795149465836,0.0921713522214761,1.4854062360725,2.13185684038012,4.02827988985415e-10
tmle,ATE,-0.00472443110687922,0.00156144077344756,-0.00778479878682881,-0.00166406342692963,0.00248068923783841
iptw,ATE,0.007699460922898,0.00152064658032378,0.00471904839224939,0.0106798734535466,4.12101751079949e-07
tmle,RR,0.654452328809401,0.169514237851834,0.469447722653191,0.912365381737009,0.0123840241982853
iptw,RR,1.59749330958649,0.100085374545511,1.31294406003815,1.94371180909218,2.86369719567337e-06
tmle,ATE,-0.00470368836725418,0.0015582963760881,-0.00775789314162613,-0.00164948359288223,0.00254045135623975
iptw,ATE,0.00599973838429859,0.00152795172565789,0.0030050080318933,0.00899446873670387,8.61356029091311e-05
tmle,RR,0.184647081946184,0.0611695916129432,0.16378525376334,0.208166144923555,6.99151539555614e-168
iptw,RR,0.191766220319776,0.0606045152671495,0.170288551584775,0.215952763198092,1.65795879911531e-163
tmle,ATE,-0.0113599667684476,0.000587564337429221,-0.012511571708409,-0.0102083618284862,2.78025024897629e-83
iptw,ATE,-0.00804226600375097,0.00040424963831062,-0.00883458073560313,-0.00724995127189881,4.55874263890329e-88
tmle,RR,0.600233930107818,0.186579896859897,0.416393024491874,0.865242090191903,0.00622384284547498
iptw,RR,1.5820806586012,0.103453527202901,1.29172129463534,1.93770840560977,9.2384865509381e-06
tmle,ATE,-0.00537620247700307,0.00156020464848259,-0.00843414739654092,-0.00231825755746522,0.000569305016037482
iptw,ATE,0.00568608347152694,0.00152425223629669,0.00269860398503079,0.00867356295802308,0.000191169575612912
tmle,RR,0.229284036876555,0.0599313612129662,0.203873205951891,0.257862083057717,2.35688616831699e-133
iptw,RR,0.21293982562214,0.0607802055634247,0.189025627877533,0.239879480074335,7.39453126654363e-143
tmle,ATE,-0.0107973407195814,0.000619166071239339,-0.0120108839196597,-0.00958379751950317,4.20821711103176e-68
iptw,ATE,-0.00761014379688553,0.00040616988250169,-0.00840622213819371,-0.00681406545557735,2.50182481950491e-78
tmle,RR,0.64340425539231,0.177837941031463,0.454054515574612,0.911716592737877,0.0131498545760118
iptw,RR,1.68454945329406,0.0993029087012219,1.38661845457673,2.04649436997399,1.50791994783045e-07
tmle,ATE,-0.00471679627835136,0.00156098293965526,-0.00777626662055714,-0.00165732593614558,0.00251373289410185
iptw,ATE,0.00659726727781357,0.00152622745477769,0.00360591643423306,0.00958861812139408,1.54202764677048e-05
tmle,RR,0.247715804267081,0.0587109870746444,0.220789711833978,0.277925629658997,7.07100185752747e-125
iptw,RR,0.238429784803479,0.0587439749759652,0.212499320004792,0.267524443278931,1.49235685562134e-131
tmle,ATE,-0.0104856858455172,0.000605809515118301,-0.0116730506766407,-0.00929832101439366,4.05480419846705e-67
iptw,ATE,-0.00757136006249948,0.000412148548103879,-0.00837915637306356,-0.00676356375193541,2.26467499921871e-75
tmle,RR,0.627349772439427,0.168724430840268,0.450703830252842,0.873229181919779,0.00572047461526476
iptw,RR,1.46353635115913,0.10026771587571,1.20241802887993,1.78135939392012,0.000145640350257376
tmle,ATE,-0.00532802842823302,0.00156553236802625,-0.00839641548619618,-0.00225964137026987,0.000665690227175118
iptw,ATE,0.00503559936490235,0.00153346892465941,0.00203005550115854,0.00804114322864617,0.00102418971252964
tmle,RR,0.170145508360313,0.0616798072866681,0.150771252125164,0.192009375840142,2.51909209362652e-181
iptw,RR,0.180588382701174,0.0630978308537998,0.159580873372413,0.204361357833397,4.98113134766218e-162
tmle,ATE,-0.0112037752459482,0.000509793279739248,-0.0122029517137977,-0.0102045987780987,4.77027862749717e-107
iptw,ATE,-0.007942326599697,0.000391251951395385,-0.00870916633331297,-0.00717548686608103,1.29174844428615e-91
tmle,RR,0.701395821367152,0.164544293468022,0.508045744152656,0.968330320435636,0.0311190830337075
iptw,RR,1.91350105868532,0.0894467652350794,1.60580010597046,2.28016319588984,4.01718325700872e-13
tmle,ATE,-0.00393633027777921,0.0015640927400522,-0.00700189571676209,-0.000870764838796338,0.0118464358184166
iptw,ATE,0.00884212323337215,0.00152634314047813,0.00585054564998525,0.011833700816759,6.91354071836496e-09
tmle,RR,0.834839345845188,0.138991603764559,0.635759767941437,1.09625800265395,0.194028189119
iptw,RR,1.78026750994382,0.0912895070577684,1.48860507993669,2.12907536705194,2.65035105416132e-10
tmle,ATE,-0.00217658611969554,0.00155229542393044,-0.00521902924396553,0.000865857004574457,0.160863709870475
iptw,ATE,0.00778650211544758,0.00152313378758635,0.00480121474814225,0.0107717894827529,3.18497553691599e-07
tmle,RR,0.0983156658506671,0.0710999745062047,0.0855268184532888,0.11301683292404,1.86816227371982e-233
iptw,RR,0.0848334450482412,0.0726253643380879,0.0735780513370107,0.097810600688373,6.23370245159227e-253
tmle,ATE,-0.0125277398742584,0.00051553545580656,-0.0135381708003927,-0.0115173089481241,1.93930330881596e-130
iptw,ATE,-0.00928857434966197,0.000392837976962721,-0.0100585226362685,-0.00851862606305546,1.33513285753693e-123
tmle,RR,0.166326048358002,0.065975349901097,0.146151053372111,0.18928604155834,8.75781222848457e-163
iptw,RR,0.137956143730992,0.0641917904158978,0.121646857705488,0.156452028043363,4.39811888965252e-209
tmle,ATE,-0.0116501662912697,0.000582716261967009,-0.0127922691779308,-0.0105080634046085,6.35434149953002e-89
iptw,ATE,-0.00839792018867694,0.000383808788795363,-0.00915017159166579,-0.00764566878568809,3.98633575794738e-106
tmle,RR,0.711801748449001,0.164511778152486,0.515615982905882,0.982633870733867,0.0387857304939888
iptw,RR,1.75661245873978,0.0948575620002466,1.45858940805993,2.11552840926226,2.86247217980721e-09
tmle,ATE,-0.00372374520710812,0.00155102377275362,-0.00676369594087065,-0.000683794473345599,0.016357910799357
iptw,ATE,0.0073471241295492,0.00151975615299536,0.00436845680439515,0.0103257914547032,1.33541198097104e-06
tmle,RR,0.620233494713619,0.173028158591724,0.441848495239632,0.870636863334876,0.00576976063909468
iptw,RR,1.45119187083848,0.102324208330036,1.18748002485113,1.77346801791609,0.00027341432748545
tmle,ATE,-0.00534208393722896,0.00156431162787019,-0.00840807838845175,-0.00227608948600617,0.000637880401736145
iptw,ATE,0.00483176852740558,0.00153003164021854,0.0018329616173705,0.00783057543744066,0.00158880986498729
tmle,RR,0.637751197322491,0.179695959029516,0.448429117966906,0.907003076718776,0.0123091223911832
iptw,RR,1.71174775861777,0.0977059725495473,1.41342345282867,2.07303790188922,3.76890299091101e-08
tmle,ATE,-0.00479034402664744,0.00157379537241264,-0.00787492627561201,-0.00170576177768287,0.00233597723954748
iptw,ATE,0.00686131311835286,0.00152155286190782,0.00387912430843968,0.00984350192826603,6.50066700403941e-06
tmle,RR,0.254995926579547,0.05525314223105,0.228824057873721,0.284161216160432,4.87143669486807e-135
iptw,RR,0.190035408924118,0.0628136895846485,0.168022491468922,0.2149322767996,5.2814494115258e-154
tmle,ATE,-0.0100273867824664,0.000531978858475971,-0.011070046185616,-0.00898472737931675,2.98204245755683e-79
iptw,ATE,-0.0078432743618276,0.000411401235044666,-0.00864960596571044,-0.00703694275794475,4.95349124218011e-81
tmle,RR,0.617863892965659,0.174350907354225,0.439020757780765,0.869562050232982,0.00575192852314373
iptw,RR,1.62778586488551,0.0951471660679225,1.35085227433754,1.96149266078741,3.04392840834621e-07
tmle,ATE,-0.00537219546171052,0.00157595601069519,-0.00846101248389251,-0.00228337843952854,0.00065237671545652
iptw,ATE,0.00650969756016453,0.00152404915233073,0.0035226161109275,0.00949677900940156,1.94321661955908e-05
tmle,RR,0.665772539488298,0.17005962353841,0.477057649723866,0.929139433343671,0.0167502446468059
iptw,RR,1.83856383167919,0.0930745093668036,1.53198159011916,2.20649972882243,6.03045195349161e-11
tmle,ATE,-0.00451127594603843,0.00159310456586544,-0.007633703518741,-0.00138884837333585,0.0046293838240095
iptw,ATE,0.00801973028423772,0.00152358387440073,0.0050335607629863,0.0110058998054891,1.41163662925985e-07
tmle,RR,0.647606548797443,0.166870094368984,0.46695082815885,0.898155044930476,0.00922358903698184
iptw,RR,1.63022945549935,0.0935830536551925,1.35703389770839,1.95842423838171,1.76694033735694e-07
tmle,ATE,-0.0049347243056594,0.00156342694466174,-0.00799898480965591,-0.00187046380166289,0.00159756449210968
iptw,ATE,0.00668680608279288,0.00152979169556817,0.00368846945563081,0.00968514270995495,1.2364673453465e-05
tmle,RR,0.617515263682869,0.177693302961606,0.435908043897479,0.874783354470529,0.00667115821603249
iptw,RR,1.59560283145748,0.099348509652701,1.31328563407696,1.93860979644733,2.56169571964559e-06
tmle,ATE,-0.00526781505492167,0.00156340586808253,-0.008332034249582,-0.00220359586026134,0.000753188522980541
iptw,ATE,0.00603556460879684,0.001528881019186,0.00303901287454539,0.00903211634304828,7.89053761598219e-05
tmle,RR,0.711187968044798,0.155913941485114,0.523926316064471,0.965380646826393,0.0288199992811573
iptw,RR,1.70135843149988,0.096312308435771,1.40868740661153,2.0548352309037,3.43372097647023e-08
tmle,ATE,-0.00396437954615213,0.00156447554936602,-0.00703069527760304,-0.000898063814701216,0.0112769039441279
iptw,ATE,0.0069541380813959,0.00152887894275906,0.00395759041686646,0.00995068574592534,5.40242356952425e-06
tmle,RR,0.631761652333106,0.170304471309615,0.452470044277649,0.882097699961199,0.00700512977996824
iptw,RR,1.57696038256196,0.0991399272441286,1.29847240286807,1.91517666657922,4.33771554706473e-06
tmle,ATE,-0.00522309193290161,0.00160349831744886,-0.00836589088437195,-0.00208029298143127,0.00112473321955972
iptw,ATE,0.00591796468209487,0.00152744043663703,0.00292423643775617,0.00891169292643357,0.000106873514164406
tmle,RR,0.676813294321799,0.167081592579755,0.487807834761068,0.939050590680028,0.019473397455892
iptw,RR,1.65612078297576,0.100953113852939,1.35881571502006,2.01847536607549,5.81834007804973e-07
tmle,ATE,-0.00434551785876228,0.00157257609572888,-0.00742771036933949,-0.00126332534818507,0.00572181035260891
iptw,ATE,0.00628405705830541,0.00152289951627452,0.00329922885433388,0.00926888526227693,3.68523464994803e-05
tmle,RR,0.271514817788683,0.0558110848930792,0.243381214746208,0.302900519071266,1.09448517920196e-120
iptw,RR,0.235462656484467,0.0590210417793865,0.209740953284649,0.264338755643388,1.36639095837203e-132
tmle,ATE,-0.0104433332652393,0.000594200197611526,-0.0116079442521645,-0.00927872227831416,3.79893672929852e-69
iptw,ATE,-0.00780113020619109,0.000416436972162483,-0.00861733167346046,-0.00698492873892171,2.6627116164631e-78
tmle,RR,0.15960742771918,0.0661465986341816,0.140200322166416,0.181700944687526,2.17697407201141e-169
iptw,RR,0.165595831670478,0.066224971080807,0.145438237559685,0.188547248142936,2.33505997261764e-162
tmle,ATE,-0.0111322879393821,0.000521478448948833,-0.0121543669180356,-0.0101102089607286,4.10912608250058e-101
iptw,ATE,-0.00809598080180041,0.000406733899879327,-0.00889316459685542,-0.00729879700674541,3.693317113194e-88
tmle,RR,0.65375552042899,0.165026207087948,0.473091131615266,0.903412158735947,0.0100100845529363
iptw,RR,1.66459048777227,0.0964955219535783,1.37774952937638,2.01115038176505,1.28580385178554e-07
tmle,ATE,-0.00490014958137883,0.0015913045270479,-0.00801904914282825,-0.00178125001992941,0.00207467693650703
iptw,ATE,0.00666267493340633,0.0015251478602614,0.00367344005619567,0.00965190981061699,1.25077845278295e-05
tmle,RR,0.61375066370977,0.176015742483895,0.434677442495514,0.866596331849153,0.00554695688397265
iptw,RR,1.75591088756787,0.0931879587160826,1.46278580558005,2.10777479062068,1.5276223306799e-09
tmle,ATE,-0.00544301988620808,0.00158988030204304,-0.0085591280179421,-0.00232691175447406,0.000618110001175878
iptw,ATE,0.00757092466354674,0.001530484451378,0.00457123025994731,0.0105706190671462,7.54626140199909e-07
tmle,RR,0.683062173289689,0.164660068522487,0.494653778828484,0.943233333189622,0.0206191363403347
iptw,RR,1.62091749552074,0.0988373417562616,1.33545854732107,1.96739429505748,1.02519584949031e-06
tmle,ATE,-0.00430243187355588,0.0015810061796181,-0.00740114704494262,-0.00120371670216915,0.00650207727880868
iptw,ATE,0.00620582225868021,0.00152525302925309,0.00321638125403353,0.00919526326332689,4.72728113877202e-05
tmle,RR,0.21667755613214,0.0591002767396013,0.192977947003194,0.243287712717866,1.20526963119176e-147
iptw,RR,0.173816573823379,0.0619935776580559,0.153929605423963,0.196272843372044,2.90437775291832e-175
tmle,ATE,-0.0104097389945545,0.000512382264661131,-0.0114139897796074,-0.00940548820950161,9.21748141752171e-92
iptw,ATE,-0.00804133219119732,0.000382705258806964,-0.00879142071515305,-0.0072912436672416,5.11419790124478e-98
tmle,RR,0.222418824930839,0.0600537184314027,0.197721421525994,0.250201183573382,2.82522538596784e-138
iptw,RR,0.237183513527662,0.0620415677046758,0.210026753861142,0.267851681060213,5.3755737622804e-119
tmle,ATE,-0.0102088107158134,0.000572228169809498,-0.0113303573195793,-0.00908726411204752,3.42894599386253e-71
iptw,ATE,-0.00695002597607508,0.000383818922839606,-0.00770229724142567,-0.00619775471072449,2.77767466197618e-73
tmle,RR,0.132143308941627,0.0641427625668604,0.116532418300384,0.149845462341913,1.65388445542322e-218
iptw,RR,0.141962215325816,0.069731357716941,0.123827563791694,0.162752701927624,1.82104492360929e-172
tmle,ATE,-0.0116697826637451,0.000507575803051954,-0.0126646129571509,-0.0106749523703393,5.70741021707428e-117
iptw,ATE,-0.00861625214562631,0.000407531359560588,-0.00941499893293571,-0.00781750535831692,3.2313832770286e-99
tmle,RR,0.211918857090321,0.0609036958988157,0.188073792919226,0.238787133993493,3.68470703968837e-143
iptw,RR,0.167468627636856,0.0663639173344372,0.147043012818185,0.190731546539037,1.07035677153346e-159
tmle,ATE,-0.0112130017891773,0.000585666934485233,-0.0123608878877044,-0.0100651156906503,1.05122144672875e-81
iptw,ATE,-0.00856239007438749,0.000414522902819132,-0.00937484003467999,-0.007749940114095,8.61960337134753e-95
tmle,RR,0.150577850002229,0.0610322090410922,0.133601206879749,0.169711707258017,2.8160599901169e-211
iptw,RR,0.145709471719297,0.0668340533060151,0.127819917915811,0.166102830410989,1.21349332663247e-182
tmle,ATE,-0.0120987973983904,0.000535562900666167,-0.0131484813951519,-0.0110491134016289,5.33656087982316e-113
iptw,ATE,-0.00893845741956371,0.000421268704393168,-0.00976412890798817,-0.00811278593113925,6.52085213052812e-100
tmle,RR,0.622793342258602,0.174866035079391,0.442076798396433,0.877384989595895,0.00676861663706379
iptw,RR,1.49722633871348,0.105722648177826,1.21701568977461,1.84195382867457,0.000134717405412144
tmle,ATE,-0.00522807392266912,0.00156172097177112,-0.0082889907812414,-0.00216715706409683,0.000815038774465172
iptw,ATE,0.00500431248379427,0.00152952552910803,0.00200649753330796,0.00800212743428059,0.00106862460927655
tmle,RR,0.719832950032648,0.154372067379299,0.531899987881452,0.97416711366459,0.033212491806492
iptw,RR,1.77414778545756,0.0917699493686475,1.4820916856752,2.12375549708992,4.17440128966534e-10
tmle,ATE,-0.00383164552379516,0.00155956152077853,-0.00688832993619559,-0.000774961111394727,0.0140151990272003
iptw,ATE,0.00774555111482678,0.0015244510041197,0.00475768205055624,0.0107334201790973,3.75692347430033e-07
tmle,RR,0.584997994425005,0.188765578759159,0.404088810997443,0.846899602680272,0.00450741295124014
iptw,RR,1.54393186755804,0.103792240467631,1.25973737942143,1.89224012131486,2.85628525965381e-05
tmle,ATE,-0.00566702858807246,0.00156337878432468,-0.00873119469954285,-0.00260286247660207,0.00028911848100365
iptw,ATE,0.0054129492884722,0.00152640973414322,0.00242124118390013,0.00840465739304426,0.000390834235213687
tmle,RR,0.175190552957664,0.0660119282811307,0.153929276526223,0.199388514896213,1.91329071161023e-153
iptw,RR,0.163466458335816,0.069438253380667,0.142666729270138,0.187298630434419,5.70721820832751e-150
tmle,ATE,-0.0110754084930573,0.00063866332978019,-0.0123271656176729,-0.00982365136844175,2.28513618689381e-67
iptw,ATE,-0.00790405300117639,0.00041305643515585,-0.00871362873766436,-0.00709447726468842,1.27778103088273e-81
tmle,RR,0.181193227347302,0.0658525308969718,0.159253206202761,0.20615588482866,2.37967095443009e-148
iptw,RR,0.171028000852191,0.0690292880385555,0.149385822558706,0.195805576288888,2.40125209404698e-144
tmle,ATE,-0.0106550169650963,0.000550254076761732,-0.0117334951378956,-0.00957653879229694,1.55907360023561e-83
iptw,ATE,-0.0074972258753076,0.00038543279472814,-0.00825266027143537,-0.00674179147917982,2.8331779653431e-84
tmle,RR,0.670431767756136,0.158867442123099,0.491050743369341,0.915340748967249,0.0118434989246066
iptw,RR,1.58244487838085,0.0955425824570308,1.31220774713141,1.90833486434447,1.55653154509785e-06
tmle,ATE,-0.00472881799244601,0.00158685862124852,-0.00783900373865,-0.00161863224624202,0.00288260657934959
iptw,ATE,0.00617048148645814,0.00152746551933909,0.00317670408092675,0.00916425889198953,5.3522746700394e-05
tmle,RR,0.620313692112815,0.174224186687336,0.440870937535709,0.872793019139451,0.00612723288908946
iptw,RR,1.52769961546657,0.106214177277245,1.24059006161089,1.88125488613556,6.61559142620029e-05
tmle,ATE,-0.00530802837404843,0.0015737976880241,-0.00839261516152806,-0.0022234415865688,0.000744211095325347
iptw,ATE,0.00518660848845122,0.00152583638752411,0.00219602412260327,0.00817719285429918,0.000675856346442849
tmle,RR,0.585298391778903,0.186283880640347,0.406267614572285,0.843223026230208,0.00403565209704763
iptw,RR,1.59638591089262,0.103263651514471,1.30388625341483,1.95450175950714,5.90975376452743e-06
tmle,ATE,-0.00576991656020953,0.00158409535340633,-0.00887468640096318,-0.00266514671945588,0.000270102855019932
iptw,ATE,0.00581474581806027,0.00152917835972968,0.00281761130705206,0.00881188032906848,0.000143226207676569
tmle,RR,0.65840590860479,0.168491091776878,0.473231714835399,0.916038225875205,0.0131216825145045
iptw,RR,1.69940507376087,0.0955473901075053,1.40918114825626,2.04940124858881,2.85836934008179e-08
tmle,ATE,-0.00468936600862898,0.00157742423270714,-0.0077810606930757,-0.00159767132418226,0.00295097126458877
iptw,ATE,0.00694656756316278,0.00152444006676876,0.00395871993570618,0.00993441519061938,5.19389876317283e-06
tmle,RR,0.21482061034703,0.0546597130171053,0.192996535979124,0.239112553993519,3.47155496553218e-174
iptw,RR,0.24907849632734,0.0581221059754202,0.222260664759457,0.279132150530693,2.14105513786864e-126
tmle,ATE,-0.0108158651101602,0.000534630535304961,-0.0118637217043933,-0.00976800851592709,5.27210656660487e-91
iptw,ATE,-0.00744417590977901,0.000416493267453984,-0.00826048771379223,-0.0066278641057658,1.898443552789e-71
tmle,RR,0.632072967083955,0.177997850185533,0.445918172760237,0.895940690744459,0.00995810258048994
iptw,RR,1.74732463302385,0.0986150430668286,1.44023155721669,2.11989756638318,1.5204803174243e-08
tmle,ATE,-0.00496959655831203,0.00157971614326111,-0.00806578330490032,-0.00187340981172374,0.00165588239576423
iptw,ATE,0.00698408695727235,0.00151943034774167,0.00400605819868152,0.00996211571586319,4.29612569636424e-06
tmle,RR,0.729890599561153,0.155688722471047,0.53794179708607,0.990330720188493,0.0431378647505928
iptw,RR,1.63454722468032,0.0994596709139594,1.34504634040274,1.9863587963149,7.79814429653803e-07
tmle,ATE,-0.00361037275778578,0.00155712616553896,-0.00666228396162709,-0.000558461553944474,0.0204160369889715
iptw,ATE,0.00626847849076417,0.00152445767758328,0.00328059634674537,0.00925636063478297,3.92348289478416e-05
tmle,RR,0.581293100797986,0.183581449644315,0.405630268726587,0.833028733521606,0.00312575275255957
iptw,RR,1.532478268014,0.104940680559072,1.24758072201665,1.88243502042815,4.744258309797e-05
tmle,ATE,-0.00593538288808017,0.00158921185809367,-0.00905018089374775,-0.0028205848824126,0.000187867036591663
iptw,ATE,0.00529734502213777,0.00152931950583187,0.00229993386985271,0.00829475617442282,0.000532488274496583
tmle,RR,0.599083046783894,0.181333359411111,0.419890254045577,0.854748338371569,0.00472088048950733
iptw,RR,1.49042543713167,0.107412669003901,1.20748133002405,1.83967066687888,0.00020302763653153
tmle,ATE,-0.00557498116871768,0.00156755448471365,-0.00864733150256067,-0.00250263083487468,0.000375852523109627
iptw,ATE,0.0048818231320398,0.00153052074158825,0.0018820576009353,0.00788158866314431,0.00142445951404053
tmle,RR,0.77943877188275,0.147445689121476,0.583816018933719,1.04061001995744,0.0910306445728264
iptw,RR,1.77493558499099,0.096941822562347,1.46779555283144,2.14634546670348,3.24606815287859e-09
tmle,ATE,-0.00295828098322843,0.00158412520591501,-0.00606310933382394,0.000146547367367079,0.0618382121497783
iptw,ATE,0.00731285302597475,0.00152246768079744,0.00432887120398554,0.010296834847964,1.56079963083349e-06
tmle,RR,0.636256528799406,0.173379814820585,0.45295085715276,0.893744573052747,0.00911053495112282
iptw,RR,1.60899037831696,0.103533264004411,1.31348698233839,1.97097502474492,4.35331614280919e-06
tmle,ATE,-0.00501187321623274,0.00158161098908721,-0.00811177379239643,-0.00191197264006904,0.00153048273566382
iptw,ATE,0.00585504251907204,0.00152467812341041,0.00286672830917152,0.00884335672897257,0.000122942792123245
tmle,RR,0.600714693893612,0.185089332721371,0.41794576561948,0.863409018930557,0.00589698496908396
iptw,RR,1.68510952522204,0.0988235886523937,1.38838317579908,2.04525246451485,1.28884476883955e-07
tmle,ATE,-0.00540353864911553,0.00155716564748929,-0.00845552723615754,-0.00235155006207352,0.000520242066398896
iptw,ATE,0.00659760879836449,0.00151909852287744,0.00362023040455671,0.00957498719217227,1.40481092344884e-05
tmle,RR,0.243718601021135,0.0585175039691695,0.217309387073767,0.273337278630933,1.36310307871357e-128
iptw,RR,0.210712922371659,0.0614587668741611,0.186800215603701,0.237686747367573,1.2104091105164e-141
tmle,ATE,-0.0105324523747475,0.000580900444157041,-0.0116709963238986,-0.00939390842559636,1.80599849096727e-73
iptw,ATE,-0.0077766580045891,0.000400857819113842,-0.0085623248929735,-0.0069909911162047,7.71103308877813e-84
tmle,RR,0.554924584540939,0.194292885441707,0.379185360320274,0.812112825948331,0.00243656670299868
iptw,RR,1.4701352602321,0.10614264979543,1.19401149174158,1.81011464154776,0.000282836356771662
tmle,ATE,-0.0062323288152829,0.00158362063014641,-0.00933616821554449,-0.00312848941502132,8.30258855321292e-05
iptw,ATE,0.00476170819494353,0.00152440054227521,0.00177393803407078,0.00774947835581628,0.00178617042681882
tmle,RR,0.158450434846598,0.0594384400295671,0.141026050517376,0.178027677942968,6.23306767616413e-211
iptw,RR,0.162030576633152,0.0634490761092649,0.143083325740683,0.183486843265392,6.049806937386e-181
tmle,ATE,-0.0116676542323295,0.000543518447093525,-0.012732930813566,-0.0106023776510931,3.17527973510851e-102
iptw,ATE,-0.00851783743373195,0.000431534429492376,-0.00936362937362605,-0.00767204549383785,1.00746662690663e-86
tmle,RR,0.787056314552097,0.144442187845327,0.593002322672506,1.04461250587451,0.0973589342588898
iptw,RR,1.73239723358684,0.0950871395734854,1.43783536595125,2.08730446197767,7.51574158664515e-09
tmle,ATE,-0.00285839996494311,0.00155813854622227,-0.00591229539846236,0.000195495468576126,0.0665803025560123
iptw,ATE,0.00723454378244621,0.00152514522328249,0.00424531407361923,0.0102237734912732,2.10045097551375e-06
tmle,RR,0.708626272105648,0.159963893702757,0.517911717052155,0.969569092540497,0.0313065217172445
iptw,RR,1.74160086151902,0.093663247789999,1.44951371796776,2.09254560563687,3.15355727725754e-09
tmle,ATE,-0.00390633920517515,0.00156201680452108,-0.00696783588528281,-0.000844842525067491,0.0123902477194327
iptw,ATE,0.00739632685041104,0.00152562045047268,0.00440616571340683,0.0103864879874153,1.24663425023314e-06
tmle,RR,0.18077051614088,0.0612084985870942,0.160334443806139,0.203811350388012,7.39260218962479e-172
iptw,RR,0.13147893168884,0.0636112356060477,0.116067380945692,0.148936844591395,3.08805156785205e-223
tmle,ATE,-0.0112433140681709,0.000524303130720336,-0.0122709293213643,-0.0102156988149774,5.16160204391862e-102
iptw,ATE,-0.00884148028753939,0.0004014921294026,-0.00962839040124479,-0.008054570173834,1.79021850952818e-107
tmle,RR,0.702244552218595,0.162177163046916,0.511025918298287,0.965014480601832,0.0292906813067145
iptw,RR,1.56238824510973,0.104377140864153,1.27333588775381,1.91705664776568,1.91110175079075e-05
tmle,ATE,-0.00397079340795579,0.00156224496247959,-0.00703273726944492,-0.000908849546466661,0.0110307664864417
iptw,ATE,0.00552842105125302,0.00152818729489714,0.00253322899162293,0.00852361311088312,0.000297309365138031
tmle,RR,0.263012596628736,0.0582719154007344,0.234625604525058,0.294834087376863,2.9811928378161e-116
iptw,RR,0.240756854859056,0.0585328475679697,0.214662118491825,0.270023717127492,9.99228580476314e-131
tmle,ATE,-0.0103883389391812,0.000616787533378333,-0.0115972202907161,-0.00917945758764639,1.18787442956202e-63
iptw,ATE,-0.00790845704224049,0.000431422299379668,-0.0087540292111521,-0.00706288487332889,4.67123715153476e-75
tmle,RR,0.671312895013064,0.158469898600159,0.492079380465276,0.915829886195817,0.0119100270705854
iptw,RR,1.66310565039086,0.0932398440694956,1.38533223521349,1.99657550301337,4.87858540695818e-08
tmle,ATE,-0.00471800597642809,0.00158868650211957,-0.00783177430330736,-0.00160423764954882,0.00298039603532082
iptw,ATE,0.00696745617698697,0.00153076328081507,0.00396721527773307,0.00996769707624088,5.32338564181613e-06
tmle,RR,0.68419867364317,0.165979367769179,0.494197260870215,0.94724892685719,0.0222267420512078
iptw,RR,1.72093538646533,0.098802339238929,1.41795961272699,2.08864806712854,3.91852196928947e-08
tmle,ATE,-0.00422787986245385,0.00156618259743915,-0.00729754134664797,-0.00115821837825972,0.00694477614102166
iptw,ATE,0.00693664107181679,0.00153405251868939,0.00392995338479263,0.00994332875884096,6.13230837369847e-06
tmle,RR,0.585908835348923,0.187711716889707,0.405554798212625,0.846468010865331,0.00440036870223541
iptw,RR,1.50849031301389,0.103412234634396,1.23173667267079,1.84742654411892,7.02486146259173e-05
tmle,ATE,-0.00567142234891462,0.00155976580565651,-0.00872850715231849,-0.00261433754551075,0.00027682590162782
iptw,ATE,0.00518095749962542,0.00152588459780986,0.0021902786433537,0.00817163635589714,0.000685334984811866
tmle,RR,0.655838647573425,0.165420472101091,0.474231987466878,0.906991394546073,0.0107688777963754
iptw,RR,1.69431212891017,0.0959427356792627,1.4038697467113,2.04484326049263,3.8906379857521e-08
tmle,ATE,-0.00485411475693371,0.0015964087039371,-0.00798301832125668,-0.00172521119261073,0.00236070707263953
iptw,ATE,0.00688076146405451,0.0015242126581737,0.00389335954925401,0.00986816337885502,6.35246148893178e-06
tmle,RR,0.184956935233315,0.0557489430969809,0.165812410944358,0.206311865897544,2.6787990414469e-201
iptw,RR,0.166994759178859,0.0623390393766433,0.147788198528658,0.18869740527893,2.81119305291384e-181
tmle,ATE,-0.0110601774617538,0.000503692746452406,-0.0120473971040746,-0.010072957819433,7.23341905116612e-107
iptw,ATE,-0.00813303590486221,0.000383223106611374,-0.00888413939186406,-0.00738193241786037,5.89178514102371e-100
tmle,RR,0.152551483266483,0.0681867292273689,0.133467579846442,0.174364104553174,2.21606167998681e-167
iptw,RR,0.10830253910767,0.0753546875917718,0.093432207992995,0.12553957815112,3.03728170571977e-191
tmle,ATE,-0.0117114478841705,0.000588161215068566,-0.0128642226828082,-0.0105586730855328,3.20468741942846e-88
iptw,ATE,-0.00884105267591475,0.000391878964579183,-0.0096091213327888,-0.00807298401904071,1.05508504247412e-112
tmle,RR,0.674343353025993,0.160311149638801,0.492520127324644,0.923290100326393,0.0139783404811748
iptw,RR,1.69240772840855,0.0926690738172957,1.41131819712417,2.02948132108935,1.36474773055158e-08
tmle,ATE,-0.00462026837215543,0.00159054234870554,-0.00773767409150403,-0.00150286265280682,0.00367442846710433
iptw,ATE,0.00719978827554978,0.00153599089348145,0.00418930144374464,0.0102102751073549,2.76711413001267e-06
tmle,RR,0.201852705327085,0.0612815232608836,0.179007673092554,0.22761322989097,2.62578782035996e-150
iptw,RR,0.217364965767275,0.0622553627390664,0.192396729926537,0.245573447953348,1.02728037488887e-132
tmle,ATE,-0.0105216576598117,0.000515063184895477,-0.0115311629519693,-0.00951215236765408,9.44846142102554e-93
iptw,ATE,-0.00751605692638059,0.000398178867119704,-0.00829647316534017,-0.00673564068742101,1.79411765728815e-79
tmle,RR,0.205560771677891,0.0629366419547357,0.181705667166593,0.232547677305349,1.98012092812624e-139
iptw,RR,0.202350462032497,0.058677513273533,0.18036730263227,0.227012927993078,2.91399708639858e-163
tmle,ATE,-0.011526211874976,0.000672876302230047,-0.0128450251933974,-0.0102073985565547,8.90159321281436e-66
iptw,ATE,-0.00814430147076361,0.000421841130741048,-0.00897109489421372,-0.00731750804731351,4.73042428821189e-83
tmle,RR,0.160921013622443,0.0666131421536852,0.141224989161493,0.183363955480021,1.3943996328703e-165
iptw,RR,0.109298315926355,0.0662111477241656,0.0959962878354295,0.124443581451993,4.46237508216471e-245
tmle,ATE,-0.0114241945903093,0.000573594613564423,-0.0125484193746217,-0.0102999698059968,2.90746923237602e-88
iptw,ATE,-0.00851870167204141,0.000377593348607912,-0.00925877103611479,-0.00777863230796802,1.05874925826194e-112
tmle,RR,0.205255705775202,0.0550395711938079,0.184266111296021,0.228636206934413,5.06489707099058e-182
iptw,RR,0.235653845901373,0.0588538627957314,0.209980049159538,0.264466721054605,3.46722018001445e-133
tmle,ATE,-0.0108003261663883,0.000532861010167441,-0.0118447145550822,-0.00975593777769453,2.43675811710177e-91
iptw,ATE,-0.00756993958599201,0.0004169296342524,-0.00838710665321417,-0.00675277251876985,1.14285215293604e-73
tmle,RR,0.608979985541749,0.182915862110792,0.425505085927523,0.871568014238959,0.00669867029042266
iptw,RR,1.61621908682397,0.0995955063079574,1.32961033626369,1.9646087770004,1.43275377903469e-06
tmle,ATE,-0.00532728864425524,0.00157977268893499,-0.00842358621832782,-0.00223099107018265,0.000745738443702679
iptw,ATE,0.00613782913522016,0.0015255348813773,0.00314783571056108,0.00912782255987924,5.7365209937162e-05
tmle,RR,0.654749079423529,0.164894432388173,0.473932510505527,0.904551486769041,0.0102190029141825
iptw,RR,1.67502410109114,0.095550138935231,1.38895646814648,2.02000984449879,6.71998631377163e-08
tmle,ATE,-0.00485229795740898,0.00157048963575667,-0.00793040108158549,-0.00177419483323247,0.00200377602630575
iptw,ATE,0.00686031992841119,0.00152892545379555,0.00386368110392535,0.00985695875289703,7.2226110957652e-06
tmle,RR,0.664660702599526,0.173159551052538,0.473376097724567,0.933240718539916,0.0183256219606388
iptw,RR,1.64491664059584,0.100248295092121,1.35148861216985,2.00205220387685,6.88533427996076e-07
tmle,ATE,-0.00440708043312271,0.00155761883514399,-0.00745995725164617,-0.00135420361459925,0.00466397036297277
iptw,ATE,0.00631277963089764,0.0015283024434886,0.00331736188417541,0.00930819737761986,3.61844896330688e-05
tmle,RR,0.160032782332116,0.0685948841694315,0.139901021225508,0.183061504459475,3.32267357066213e-157
iptw,RR,0.0776171770526165,0.0861210177962954,0.0655618953274355,0.0918891399269262,1.44289465628346e-193
tmle,ATE,-0.0111646010199809,0.00055772836350355,-0.0122577285256043,-0.0100714735143574,3.83895736892045e-89
iptw,ATE,-0.00871464253265285,0.000374410368915989,-0.00944847337116654,-0.00798081169413916,7.8253492934996e-120
tmle,RR,0.234041249902964,0.0592536122232943,0.208379812367006,0.262862827420487,1.17891767580098e-132
iptw,RR,0.246786576060603,0.0570822479886404,0.220664786836051,0.276000602529148,1.08554035853781e-132
tmle,ATE,-0.0101754009593029,0.000568339813286343,-0.0112893265243243,-0.00906147539428142,1.10287701777107e-71
iptw,ATE,-0.00711296888528676,0.000385907100223158,-0.00786933290310244,-0.00635660486747109,7.29904967291718e-76
tmle,RR,0.614594893041511,0.178356271437521,0.433283163623486,0.871778352507007,0.00634644382616112
iptw,RR,1.74119265927004,0.0931871852089352,1.45052678137241,2.09010403367209,2.66275432047232e-09
tmle,ATE,-0.00532735833980232,0.00158056861828508,-0.00842521590673531,-0.00222950077286933,0.000750229795195168
iptw,ATE,0.00737102790243269,0.00152006414573213,0.00439175692260707,0.0103502988822583,1.23987997356437e-06
tmle,RR,0.20154567292844,0.0617845728581099,0.178559250686035,0.227491200372485,3.51886489576279e-148
iptw,RR,0.197107741957921,0.0614755246232315,0.174733276774585,0.222347240645357,8.71821444249185e-154
tmle,ATE,-0.0108392336837301,0.000605352471776007,-0.0120257027263634,-0.00965276464109686,1.06530736650953e-71
iptw,ATE,-0.00779431553318394,0.000398361181148189,-0.00857508910107322,-0.00701354196529465,3.01719359722805e-85
tmle,RR,0.536593595747737,0.205726717894648,0.358534197252945,0.803082911486822,0.00247871160233053
iptw,RR,1.58985227113003,0.104583294725865,1.29519544899657,1.95154348787711,9.28346208868928e-06
tmle,ATE,-0.0063472932053269,0.00158975335360875,-0.00946315252270181,-0.00323143388795199,6.53451339974864e-05
iptw,ATE,0.00572042027627599,0.00153151961443228,0.00271869699037205,0.00872214356217993,0.000187620472428491
tmle,RR,0.708244227239439,0.151529522067478,0.526260628828825,0.953158678304143,0.0228124182334463
iptw,RR,1.6086182091681,0.0935635301799637,1.33909552657105,1.93238831100665,3.75891572604581e-07
tmle,ATE,-0.0041211894571821,0.00155985124517316,-0.00717844171896145,-0.00106393719540275,0.0082408311265884
iptw,ATE,0.00653009816473873,0.00152856202998407,0.00353417163783453,0.00952602469164293,1.93681435847239e-05
tmle,RR,0.248418316524195,0.05695325254838,0.222179977206578,0.277755271922353,4.75025097286787e-132
iptw,RR,0.238169854464093,0.0559511475626912,0.213432763760094,0.265774001030169,5.02404186153302e-145
tmle,ATE,-0.0102978446435352,0.00058897040019617,-0.0114522054158798,-0.00914348387119053,1.88101788387173e-68
iptw,ATE,-0.00746942018515075,0.000405470311976082,-0.00826412739342409,-0.00667471297687741,8.81253924032854e-76
tmle,RR,0.244492904555601,0.0609746780293498,0.216952430530613,0.275529433949343,4.53616824012481e-118
iptw,RR,0.240612112668919,0.0572532137428233,0.215071796358219,0.269185405726436,1.16810941951762e-136
tmle,ATE,-0.0105245652635881,0.000630215325150425,-0.0117597646033882,-0.00928936592378809,1.31171724927927e-62
iptw,ATE,-0.00733455264267762,0.000392535043685609,-0.00810390719097127,-0.00656519809438397,6.54682854816909e-78
tmle,RR,0.574525167457281,0.192797860202141,0.393730648246334,0.838337501822579,0.0040457521864329
iptw,RR,1.56470540387393,0.106582618537778,1.26972389614508,1.92821684174441,2.66356226967896e-05
tmle,ATE,-0.00580369470049746,0.00157874716707195,-0.00889798228865312,-0.0027094071123418,0.000236790143988737
iptw,ATE,0.00538482239498025,0.00152218406013752,0.00240139645926976,0.00836824833069073,0.000403837444884246
tmle,RR,0.553839358586435,0.19795637891065,0.37573620137588,0.816365402099166,0.00283668208297331
iptw,RR,1.58651192237011,0.100646060675271,1.30248658190469,1.93247294428303,4.52355879749333e-06
tmle,ATE,-0.006174944278724,0.00159795462475801,-0.00930687779217892,-0.00304301076526907,0.000111417305528783
iptw,ATE,0.00592366789894008,0.00153381584155636,0.00291744409057262,0.00892989170730754,0.00011244121878269
tmle,RR,0.636705097275903,0.169784815380711,0.456475244430345,0.88809499714059,0.0078385483614183
iptw,RR,1.63337213151584,0.0956917344392244,1.35404216766457,1.97032602360838,2.93821937985095e-07
tmle,ATE,-0.00511355029849892,0.00158556678031994,-0.00822120408300914,-0.0020058965139887,0.00125945632519356
iptw,ATE,0.00651738585682982,0.00152494138480635,0.00352855566407474,0.0095062160495849,1.92117765252475e-05
tmle,RR,0.606570025549483,0.178344863376463,0.427635275022198,0.860376160212699,0.00505993565458381
iptw,RR,1.59182112985008,0.102643765451961,1.30173845210164,1.94654656267258,5.92495340918569e-06
tmle,ATE,-0.00552184075450921,0.0015897546319162,-0.00863770257732069,-0.00240597893169774,0.000513924469130471
iptw,ATE,0.0057911708908775,0.0015230443456743,0.00280605882649851,0.00877628295525649,0.000143321223333238
tmle,RR,0.66329476894445,0.170491658034675,0.474879924085346,0.926465677310886,0.0160422746183762
iptw,RR,1.86069097546893,0.095940112486478,1.54173552440898,2.24563217969485,9.6557404396566e-11
tmle,ATE,-0.00452403613565235,0.00156865583840382,-0.00759854508306232,-0.00144952718824239,0.00392632763465169
iptw,ATE,0.00795564160949202,0.00152808747992151,0.00496064518361928,0.0109506380353648,1.92670436817643e-07
tmle,RR,0.725383513209621,0.15637042680191,0.533906160411041,0.985531316647927,0.0400562720320675
iptw,RR,1.73648224223827,0.0969139966319953,1.43607460694436,2.09973114420905,1.2384917078052e-08
tmle,ATE,-0.0036827988437487,0.00155963847502727,-0.00673963408370511,-0.000625963603792282,0.0182102200507421
iptw,ATE,0.00708045878676272,0.00152443597783043,0.00409261917347797,0.0100682984000475,3.40667299649389e-06
tmle,RR,0.735889795318944,0.151835333929083,0.546475014153073,0.990958006916064,0.0434055733295177
iptw,RR,1.71853091641011,0.0979359510052363,1.41838495788027,2.08219108236388,3.22400123234923e-08
tmle,ATE,-0.00359442829930216,0.00155808865649972,-0.006648225950762,-0.000540630647842323,0.0210577624928814
iptw,ATE,0.00686802401564381,0.00152116541063982,0.00388659459626168,0.00984945343502594,6.3324193246539e-06
tmle,RR,0.622035119769137,0.171931358798105,0.444085576062177,0.871290830153039,0.00575669835751636
iptw,RR,1.81481659359291,0.0875723947957221,1.52858989382087,2.15463891374264,1.00615203851656e-11
tmle,ATE,-0.00536958190233336,0.00158701684602603,-0.00848007776340273,-0.00225908604126399,0.000715829229056942
iptw,ATE,0.00839977652677187,0.00152316889449181,0.00541442035119624,0.0113851327023475,3.49431450575709e-08
