estimator,parameter,estimate,std.dev,ci.lb,ci.ub,pvalue
tmle,RR,0.647264356699246,0.168924580905808,0.464828585726511,0.901302459267823,0.0100206321640913
iptw,RR,1.6066942385961,0.101656301525604,1.316446564946,1.96093517585637,3.09324210579412e-06
tmle,ATE,-0.00493007789524779,0.00158601404765479,-0.00803860830762576,-0.00182154748286981,0.00188058412882622
iptw,ATE,0.00598675773437747,0.00153370568370522,0.00298074983143086,0.00899276563732409,9.48274976965246e-05
tmle,RR,0.593009171714769,0.184749958903126,0.412859193881585,0.851767098684735,0.00467823979088255
iptw,RR,1.54936168873715,0.104702751476169,1.2619137405788,1.90228663444571,2.89245974126472e-05
tmle,ATE,-0.00565346165039901,0.00159827382423843,-0.00878602078333942,-0.00252090251745859,0.000404347826178939
iptw,ATE,0.00541228783730273,0.00152816303859527,0.00241714331915072,0.00840743235545475,0.000397564441802384
tmle,RR,0.682875924796487,0.168529812384664,0.490782383321113,0.950155393743116,0.0236140685769922
iptw,RR,1.61824533213422,0.0994497331406688,1.3316576754791,1.96650986450555,1.29801520007982e-06
tmle,ATE,-0.00417217595651613,0.00155784694134494,-0.00722549985497809,-0.00111885205805416,0.0074026060129767
iptw,ATE,0.00619168379641188,0.00152739473720119,0.00319804512132154,0.00918532247150223,5.04020390734822e-05
tmle,RR,0.25686994096203,0.0548560650326205,0.230685192656043,0.28602688282736,1.57499811752539e-135
iptw,RR,0.239260128869727,0.0586436866096508,0.21328127867173,0.268403348025999,2.29129367739061e-131
tmle,ATE,-0.010216417223578,0.000579399005461341,-0.0113520184069606,-0.00908081604019545,1.38002602778762e-69
iptw,ATE,-0.00747943752717639,0.000413236961642649,-0.00828936708907674,-0.00666950796527604,3.20795589906245e-73
tmle,RR,0.688659909470053,0.165501675880441,0.497885546775019,0.952533115257516,0.0242087326972769
iptw,RR,1.59172173406347,0.101934877490852,1.30346694227941,1.94372254217623,5.11697761466966e-06
tmle,ATE,-0.00416377438560669,0.00157506497701902,-0.00725084501387437,-0.00107670375733902,0.00820398987297447
iptw,ATE,0.0058331251817376,0.00152641540896319,0.00284140595472277,0.00882484440875242,0.000132667546139755
tmle,RR,0.613078223067716,0.175113455141092,0.434969741749266,0.864117366160452,0.00520643854688035
iptw,RR,1.59059469251425,0.100299936716431,1.30672460294167,1.93613212008027,3.70640777032853e-06
tmle,ATE,-0.00547738752375725,0.00158783218981829,-0.00858948142929445,-0.00236529361822004,0.000561415654375285
iptw,ATE,0.00593640762264527,0.00152728769152075,0.00294297875323327,0.00892983649205726,0.000101534446527334
tmle,RR,0.134669920681614,0.0612341416917544,0.119439508733235,0.151842449192405,3.94597260699419e-235
iptw,RR,0.137632760264959,0.0655072354165019,0.121049210145956,0.156488230491643,2.52131267732264e-201
tmle,ATE,-0.0118422952406636,0.0005709885122293,-0.0129614121602192,-0.0107231783211081,1.50961342559461e-95
iptw,ATE,-0.00842342166787094,0.000406902162877223,-0.00922093525234175,-0.00762590808340014,3.36844471132005e-95
tmle,RR,0.199926617316407,0.0587776108773352,0.178171823523712,0.22433767315774,3.80502765566271e-165
iptw,RR,0.152692993104394,0.0588811177173637,0.136050270626824,0.171371582252345,1.5368332920521e-223
tmle,ATE,-0.0108914462052736,0.000514705887122024,-0.0119002512066635,-0.00988264120388373,2.2075637032767e-99
iptw,ATE,-0.00836630083270236,0.000385067114146767,-0.0091210185080608,-0.00761158315734393,1.14349710876904e-104
tmle,RR,0.167028417932888,0.0663224441804559,0.14666841567683,0.190214725293244,2.32771575448219e-160
iptw,RR,0.149657425906547,0.069802380295075,0.13052159649867,0.171598767788608,4.78718732783352e-163
tmle,ATE,-0.0115527888878327,0.000596029993066985,-0.0127209862079496,-0.0103845915677157,1.07611559575904e-83
iptw,ATE,-0.00824041045751153,0.000415725291690676,-0.00905521705668766,-0.00742560385833539,1.93198932299654e-87
tmle,RR,0.151732586857743,0.066179714106494,0.133274354365834,0.172747247766406,1.44463151775725e-178
iptw,RR,0.125107388898936,0.0686239682768494,0.109362928804397,0.143118503941166,1.57821599883843e-201
tmle,ATE,-0.0110796442967231,0.000510022282138678,-0.0120792696010279,-0.0100800189924184,1.22121874318926e-104
iptw,ATE,-0.00870084748567578,0.00040560459153101,-0.00949581787704064,-0.00790587709431092,4.41679646714238e-102
tmle,RR,0.691939270466423,0.162223211781498,0.50348128405364,0.950938930954575,0.0232036950989052
iptw,RR,1.57475145073652,0.101762922984993,1.29000460322173,1.92235138185049,8.10817718383244e-06
tmle,ATE,-0.00417794285585886,0.00157191578714351,-0.00725884118539007,-0.00109704452632765,0.00786369552679083
iptw,ATE,0.00569722131015532,0.00152124737234665,0.0027156312487797,0.00867881137153094,0.000180322986328074
tmle,RR,0.609441124860486,0.190792808059871,0.419303631981128,0.885798396060473,0.00944387140028014
iptw,RR,1.68643007568869,0.103763664436801,1.37608273964794,2.06676991015453,4.73925081493991e-07
tmle,ATE,-0.00507092554774677,0.00156048586070497,-0.0081294216331125,-0.00201242946238105,0.00115575068936633
iptw,ATE,0.00629971956027269,0.001521468273257,0.00331769654106863,0.00928174257947676,3.46470001951927e-05
tmle,RR,0.63748145696665,0.179387896783822,0.448510177047296,0.906072211452783,0.0120795083809735
iptw,RR,1.78502361093755,0.0994116018524306,1.46900967500126,2.16901858839138,5.58903244635665e-09
tmle,ATE,-0.00489880437949925,0.00164248943252379,-0.00811802451223351,-0.00167958424676499,0.00285859360286306
iptw,ATE,0.00716547336373705,0.00152087543447852,0.00418461228718743,0.0101463344402867,2.46004265586121e-06
tmle,RR,0.199865337136419,0.063236613304995,0.176567341327034,0.226237494932129,5.23921487139102e-143
iptw,RR,0.192684049794358,0.0630758400966735,0.170276813058523,0.218039922043845,3.05820309768991e-150
tmle,ATE,-0.0114898132099136,0.000689274372377817,-0.0128407661552405,-0.0101388602645866,2.18657550614964e-62
iptw,ATE,-0.00797021723735878,0.000418112128116168,-0.00878970194996587,-0.00715073252475169,5.18494036686422e-81
tmle,RR,0.630436777497658,0.18521462103262,0.438517136184604,0.906351195029047,0.0127436818145664
iptw,RR,1.74395356278237,0.0986952025774856,1.43722713391857,2.11614014052816,1.74983919961368e-08
tmle,ATE,-0.00479022729664454,0.00156185547345537,-0.00785140777367382,-0.00172904681961526,0.00216211188030008
iptw,ATE,0.00701645328024372,0.00152761213291462,0.00402238851738465,0.0100105180431028,4.36739823121666e-06
tmle,RR,0.186568291502317,0.0608372400892039,0.16559723531266,0.210195099745319,1.191107077987e-167
iptw,RR,0.248855180941792,0.0584517781012367,0.221917955715132,0.279062146557747,3.72576789558754e-125
tmle,ATE,-0.0107138639578,0.00057161969189871,-0.0118342179667754,-0.00959350994882467,2.20847802895767e-78
iptw,ATE,-0.00702495251046861,0.000381753551320791,-0.00777317572202762,-0.0062767292989096,1.270726045036e-75
tmle,RR,0.164386960276693,0.0597972287352862,0.146206900863158,0.184827614493405,2.81875667277541e-200
iptw,RR,0.180813402512134,0.0622587240672638,0.160042710022702,0.204279760842448,3.93404266412721e-166
tmle,ATE,-0.0113891397618354,0.000530573410730178,-0.0124290445380211,-0.0103492349856497,3.25673612965417e-102
iptw,ATE,-0.00853592277324447,0.000426415908442879,-0.00937168259622744,-0.00770016295026149,3.85104182956226e-89
tmle,RR,0.623986091447063,0.174937131078835,0.442861731271582,0.879187825060934,0.00701816472916443
iptw,RR,1.45355726217518,0.105475518317215,1.18209184516412,1.78736425859435,0.000391159300732287
tmle,ATE,-0.00521716165550104,0.00156948634181103,-0.00829329835967817,-0.00214102495132391,0.00088697875531445
iptw,ATE,0.00472415353765307,0.00153518750364177,0.00171524132099925,0.00773306575430689,0.0020892101040144
tmle,RR,0.580787832611547,0.187237016760159,0.402384341199491,0.838289346707921,0.00370738335405887
iptw,RR,1.60544537962375,0.0988630082638728,1.32264467992998,1.94871298850399,1.68068995726533e-06
tmle,ATE,-0.00581625904905521,0.00157799150000244,-0.00890906555697034,-0.00272345254114009,0.000227929760516852
iptw,ATE,0.00608167135289114,0.00152014197938963,0.00310224782190005,0.00906109488388224,6.31484770387494e-05
tmle,RR,0.593495748364602,0.18717462682462,0.411238987235644,0.856526774600347,0.00531375164559632
iptw,RR,1.63709208196241,0.101963719288217,1.34054510994281,1.99923931313163,1.33625900057675e-06
tmle,ATE,-0.00555686145449679,0.00158500436328334,-0.00866341292187098,-0.00245030998712261,0.000455071919268736
iptw,ATE,0.00613036907516206,0.00152879083325871,0.00313399410208002,0.00912674404824411,6.07325702283041e-05
tmle,RR,0.128453149752104,0.0665773639037382,0.112738954498703,0.146357678715445,1.24392374983829e-208
iptw,RR,0.129565499140148,0.064016500725999,0.114287419862749,0.146885970368357,1.30003962641035e-223
tmle,ATE,-0.0123032577053015,0.000633618940051315,-0.0135451280077245,-0.0110613874028785,5.49623473966182e-84
iptw,ATE,-0.00877447925780615,0.000415382113802591,-0.00958861324068134,-0.00796034527493095,4.79936171562385e-99
tmle,RR,0.660656299322347,0.172795112068482,0.470860342586752,0.926955843077575,0.0164435340861583
iptw,RR,1.69515075017709,0.0983760983367825,1.3978817643186,2.05563599094997,8.10226145018336e-08
tmle,ATE,-0.00450494781921595,0.00156212383158167,-0.00756665426850774,-0.00144324136992415,0.0039283224591595
iptw,ATE,0.0067524507749945,0.00152711205929855,0.00375936613841256,0.00974553541157645,9.79216078129246e-06
tmle,RR,0.706512324152187,0.163726117795022,0.512573108575426,0.973831158576033,0.0338439902337684
iptw,RR,1.60878593124619,0.10141843739765,1.31877507185675,1.96257286614589,2.75487225318188e-06
tmle,ATE,-0.00385589435356084,0.00155805936860225,-0.00690963460179647,-0.000802154105325211,0.0133308643366237
iptw,ATE,0.0059805574803034,0.00152816256518501,0.00298541389001843,0.00897570107058836,9.09448967163691e-05
tmle,RR,0.572213372654154,0.18585719800416,0.397517332366573,0.823682685469174,0.00266793358357487
iptw,RR,1.41943849717896,0.106561742307986,1.15189013849569,1.74913004282239,0.00101284720787847
tmle,ATE,-0.00609306557281589,0.00159558558912337,-0.00922035586174881,-0.00296577528388297,0.000134155810818763
iptw,ATE,0.00438040396105881,0.0015282067401788,0.001385173789377,0.00737563413274063,0.00415210361822317
tmle,RR,0.659677460258809,0.160586026653178,0.481549095806129,0.903696747358681,0.00958259448256492
iptw,RR,1.64856673127414,0.0946007617794204,1.36956363801871,1.9844074360762,1.26132001571619e-07
tmle,ATE,-0.00490578154130847,0.00158957251848031,-0.00802128642834451,-0.00179027665427244,0.00202714035370717
iptw,ATE,0.00670984036881348,0.00152689620310283,0.00371717880260097,0.00970250193502598,1.11063151761826e-05
tmle,RR,0.754340171240679,0.152388794330052,0.55956901604856,1.01690600735127,0.0643205604694097
iptw,RR,1.93268294557405,0.0866828035358231,1.63070753602124,2.29057834443228,2.92983224259507e-14
tmle,ATE,-0.00329661867398377,0.00158801979930474,-0.00640908028735759,-0.000184157060609949,0.0379003829656564
iptw,ATE,0.00930693553506974,0.00153081566636855,0.00630659196201771,0.0123072791081218,1.2039018532631e-09
tmle,RR,0.164176163237698,0.0663340227197598,0.144160566270778,0.186970773441772,2.29684825598547e-163
iptw,RR,0.12944183572269,0.0689640588627641,0.113076498059479,0.148175696301158,3.79426129790277e-193
tmle,ATE,-0.0114825532795615,0.000572473422510865,-0.0126045805697892,-0.0103605259893338,1.72576126081224e-89
iptw,ATE,-0.00865907043801471,0.000402415865830555,-0.0094477910418501,-0.00787034983417932,1.06269249405789e-102
tmle,RR,0.192600596389107,0.0611517463888019,0.170846138287061,0.217125128500778,8.49571581674164e-160
iptw,RR,0.16821880142347,0.0644877557222496,0.148245820138015,0.190882718487471,3.60547657349861e-168
tmle,ATE,-0.0112548318134549,0.000538381989227498,-0.0123100411222658,-0.0101996225046439,4.83019145296606e-97
iptw,ATE,-0.0085640580159485,0.000416210119282091,-0.00937981485974251,-0.00774830117215448,4.47706974325091e-94
tmle,RR,0.611913582205558,0.179885296670775,0.430101988951597,0.870580098921087,0.00632517626751787
iptw,RR,1.73710509653802,0.0943543118109257,1.44381503061053,2.08997278213842,4.83887090599325e-09
tmle,ATE,-0.00534155150101233,0.00157826825524617,-0.00843490043923769,-0.00224820256278698,0.000713240520020732
iptw,ATE,0.00730272011545942,0.00152296181090379,0.00431776981625808,0.0102876704146608,1.62611843820921e-06
tmle,RR,0.648258854973259,0.168682811935898,0.465763431702077,0.902259633212348,0.0101784923768842
iptw,RR,1.72981872754522,0.0985448460630511,1.42599850286648,2.09837024663856,2.68097018496911e-08
tmle,ATE,-0.00488264616696773,0.00157448941897298,-0.00796858872219416,-0.00179670361174131,0.00192804394938957
iptw,ATE,0.00688737502544376,0.00151988309531811,0.00390845889790901,0.0098662911529785,5.85618166540953e-06
tmle,RR,0.570595879883954,0.188890084785161,0.394044345448678,0.826251313845966,0.00297438088459124
iptw,RR,1.45191766828411,0.106840334935891,1.17760416276246,1.79013031894386,0.00048281007870249
tmle,ATE,-0.00600848714096324,0.00156589538586237,-0.00907758570081093,-0.00293938858111556,0.000124499036292145
iptw,ATE,0.00462056886294591,0.00152856001169184,0.00162464629182177,0.00761649143407004,0.00250427316113381
tmle,RR,0.527689699773013,0.200501271388873,0.356214525951523,0.781709893785823,0.0014313998471118
iptw,RR,1.47447923870068,0.106433133810351,1.19685796443329,1.81649710322039,0.000263934314096432
tmle,ATE,-0.00674953761418142,0.00159500386310075,-0.00987568774106113,-0.00362338748730171,2.31957647053796e-05
iptw,ATE,0.00481037717665856,0.00153033581638975,0.00181097409228295,0.00780978026103417,0.00167027454644717
tmle,RR,0.173928708954477,0.0597161100200878,0.154717994836113,0.195524740548861,1.3737036990145e-188
iptw,RR,0.157479845528107,0.0682561104352618,0.137760678651412,0.180021628742915,1.6394289779414e-161
tmle,ATE,-0.011230728927306,0.000524049330522391,-0.0122578467412522,-0.0102036111133598,6.9175662782935e-102
iptw,ATE,-0.00827251586245662,0.000404875538906779,-0.00906605733693515,-0.00747897438797808,8.6436618656998e-93
tmle,RR,0.58787414147204,0.190131848293932,0.404989566441551,0.853345455904146,0.0052048613150733
iptw,RR,1.50182820034037,0.111875943249555,1.2061221117406,1.87003282783915,0.000277844650377899
tmle,ATE,-0.00558207397860907,0.00157774791573638,-0.00867440307013552,-0.00248974488708262,0.000403168265333105
iptw,ATE,0.00470092234157367,0.00152092954275746,0.00171995521474609,0.00768188946840126,0.00199603317309627
tmle,RR,0.137605871044229,0.0724916980066782,0.11938009455495,0.158614179494767,8.24623777767568e-165
iptw,RR,0.14553434546255,0.070678703591411,0.126707894822179,0.1671580586114,9.87226003951151e-164
tmle,ATE,-0.0112976336365101,0.000508750224031411,-0.0122947657527383,-0.0103005015202818,2.96275675792705e-109
iptw,ATE,-0.00806759282435337,0.000387418946654853,-0.00882692000672533,-0.00730826564198141,2.62618277082969e-96
tmle,RR,0.153947600648301,0.0667486269785412,0.13506921950228,0.175464579070649,6.49594823450056e-173
iptw,RR,0.0959319429607405,0.0829018269530936,0.0815449512669377,0.112857234411692,6.85672528339497e-176
tmle,ATE,-0.0114461197249697,0.000577387421383384,-0.0125777782760076,-0.0103144611739318,1.8487226841002e-87
iptw,ATE,-0.00902144393043155,0.000394959503235872,-0.00979555033212569,-0.00824733752873741,1.77768483868328e-115
tmle,RR,0.160069294384714,0.0625367705774376,0.141604363057899,0.180942016555972,1.1279189748902e-188
iptw,RR,0.174389594486875,0.0624542853774977,0.154297675590802,0.197097788731106,4.47130914472947e-172
tmle,ATE,-0.0112739630595891,0.000514354181078042,-0.0122820787297997,-0.0102658473893785,1.72395688180725e-106
iptw,ATE,-0.0081372532540564,0.000394308411733697,-0.00891008353985564,-0.00736442296825716,1.28350521247588e-94
tmle,RR,0.65329744671435,0.172109413437579,0.466241752508338,0.915399686079929,0.0133774807294698
iptw,RR,1.61340429615301,0.0999890940454987,1.32627119654874,1.96270071280957,1.71852742468256e-06
tmle,ATE,-0.00469353754489484,0.00158205332703302,-0.00779430508750133,-0.00159277000228835,0.0030097742559644
iptw,ATE,0.00608843513621382,0.00152291995030523,0.00310356688227804,0.00907330339014959,6.39151854780332e-05
tmle,RR,0.699180081257883,0.159699316715893,0.511272863384342,0.956148509020891,0.0250419896702126
iptw,RR,1.64071632059972,0.0986556592925929,1.35225205065442,1.99071618592074,5.19955086032493e-07
tmle,ATE,-0.00411275443008992,0.00157742675766719,-0.0072044540633674,-0.00102105479681244,0.00912712544924122
iptw,ATE,0.00635536715540689,0.00152484275342526,0.0033667302766065,0.00934400403420728,3.07440806072917e-05
tmle,RR,0.122446069939894,0.0734878973063185,0.106020985999076,0.141415776343149,1.28723440903716e-179
iptw,RR,0.107136208487703,0.0662683057777483,0.0940867763225018,0.121995540901271,4.68613965413134e-249
tmle,ATE,-0.011901542334049,0.000562483749762854,-0.0130039902254732,-0.0107990944426247,2.28448539874164e-99
iptw,ATE,-0.00912804479242023,0.000397048169333712,-0.00990624490444186,-0.00834984468039859,5.90054710448248e-117
tmle,RR,0.151360255169901,0.0612279935608271,0.134243877740305,0.170659006807126,8.34780827260117e-209
iptw,RR,0.198738834506781,0.0615542329167526,0.17615204140961,0.224221780372504,7.25498616352994e-152
tmle,ATE,-0.0117998689636394,0.000575248622592155,-0.0129273355460763,-0.0106724023812025,1.66027071433349e-93
iptw,ATE,-0.00789757358852405,0.000413450416450376,-0.00870792151415988,-0.00708722566288823,2.44763788605493e-81
tmle,RR,0.569568338544176,0.193531490381571,0.389772806565657,0.832300475578012,0.00363226199077215
iptw,RR,1.57212941124373,0.101147282614546,1.28941158961747,1.91683625740546,7.71325667276547e-06
tmle,ATE,-0.00590195950349637,0.00158519850346424,-0.00900889147863307,-0.00279502752835967,0.000196738927173498
iptw,ATE,0.00579535861986423,0.00152824172209152,0.00280005988489338,0.00879065735483507,0.000149334180897666
tmle,RR,0.711197560593789,0.159241380675548,0.520527584722137,0.971710212945889,0.0323403208985223
iptw,RR,1.66510830885941,0.100401385717059,1.36766796169368,2.02723596507968,3.80391851967405e-07
tmle,ATE,-0.00390268159327521,0.00158199236890289,-0.00700332966014207,-0.000802033526408349,0.0136272867644908
iptw,ATE,0.00637766629530792,0.00152239630023048,0.00339382437665916,0.00936150821395668,2.79904181180988e-05
tmle,RR,0.618283906680133,0.175699286299208,0.438159708255174,0.872455823886526,0.00620896838837047
iptw,RR,1.50668365594404,0.105315899775099,1.22567977765864,1.85211152249357,9.93376031566681e-05
tmle,ATE,-0.00535985708071135,0.00159295525265008,-0.00848199200488941,-0.00223772215653328,0.0007661985881646
iptw,ATE,0.00509201535859492,0.00153117663931297,0.00209096429157242,0.00809306642561742,0.000882420207408165
tmle,RR,0.129326935197256,0.0662388217155322,0.113581185806045,0.147255516385225,2.262022186906e-209
iptw,RR,0.0975267670164369,0.0737312290775316,0.0844041288391453,0.112689632788048,9.80788220112564e-219
tmle,ATE,-0.0120427873909714,0.000535213769964089,-0.0130917871041309,-0.0109937876778118,4.06795999451106e-112
iptw,ATE,-0.00945271006123462,0.000418724861626156,-0.0102733957094534,-0.00863202441301584,7.63249822936729e-113
tmle,RR,0.618536634743376,0.176773055268386,0.43741727399782,0.874651256963316,0.00657568289024845
iptw,RR,1.56719496512629,0.102646515506059,1.28159308466546,1.91644297094371,1.20304747868499e-05
tmle,ATE,-0.00529920269057649,0.00158112335792566,-0.00839814752722582,-0.00220025785392716,0.000803626002369754
iptw,ATE,0.00563454606022656,0.00152769499792182,0.0026403188849378,0.00862877323551531,0.000225787226321977
tmle,RR,0.582977750684795,0.186566958702007,0.404432359451156,0.840345857227455,0.0038244144219947
iptw,RR,1.73370535247892,0.0977895280041404,1.43131984533985,2.09997385210596,1.83378701118156e-08
tmle,ATE,-0.00582828431655398,0.00159406346294958,-0.00895259129300634,-0.00270397734010161,0.000255938166046958
iptw,ATE,0.00696432215456232,0.00152075196559895,0.00398370307256989,0.00994494123655475,4.66032339043391e-06
tmle,RR,0.658443151649184,0.162724451769004,0.478637785545599,0.905794312623083,0.0102285887715785
iptw,RR,1.56905283665901,0.0995704566941735,1.29087158757889,1.90718180484952,6.06373644645545e-06
tmle,ATE,-0.00482588068304465,0.00156618220714809,-0.00789554140228235,-0.00175621996380694,0.0020609735748318
iptw,ATE,0.00587777880862083,0.00153169346274793,0.00287571478627945,0.00887984283096222,0.000124324573083586
tmle,RR,0.735736271376241,0.154724208298102,0.543276203015058,0.996376903708427,0.0473202015607289
iptw,RR,1.71073305908196,0.0950817807184415,1.41986969366947,2.06118041147317,1.63320237075313e-08
tmle,ATE,-0.00354825440663349,0.00157352131423582,-0.00663229951144182,-0.00046420930182516,0.0241347711351599
iptw,ATE,0.00709136750068429,0.00152553841154143,0.00410136715703064,0.0100813678443379,3.34461543511216e-06
tmle,RR,0.585829408340623,0.189563798782106,0.404030518828786,0.849431118895648,0.00479000569205297
iptw,RR,1.56521078869046,0.101302998682861,1.28334541675063,1.90898317869557,9.75297165889251e-06
tmle,ATE,-0.00566048604232221,0.0015860892718945,-0.00876916389150079,-0.00255180819314363,0.000358576348756985
iptw,ATE,0.0057071499513287,0.00152841159588075,0.00271151826984904,0.00870278163280836,0.000188432588493213
tmle,RR,0.727329012277566,0.157305525101548,0.534357864627351,0.989987285897957,0.0429767195859344
iptw,RR,1.68212158200246,0.0975232290188814,1.38945811608775,2.03642915455809,9.67974346271212e-08
tmle,ATE,-0.00362968799831783,0.00156046605555565,-0.00668814526630418,-0.000571230730331478,0.0200170481125836
iptw,ATE,0.00668402680044517,0.00152507127049784,0.00369494203641265,0.00967311156447768,1.17183265869766e-05
tmle,RR,0.269096126643462,0.054314231858463,0.241921846486474,0.299322803732662,4.78654637774537e-129
iptw,RR,0.235320687960543,0.0558351361463016,0.210927475753545,0.262534911511131,4.86440083135321e-148
tmle,ATE,-0.0102086469150499,0.000542981024779835,-0.011272870167907,-0.00914442366219273,7.39500337551411e-79
iptw,ATE,-0.00805408680307278,0.000420689865990707,-0.00887862378907555,-0.00722954981707001,1.0663919129723e-81
tmle,RR,0.158357908939142,0.0660852758996588,0.139119455618489,0.180256795946266,3.87269694332794e-171
iptw,RR,0.114657185645695,0.069225061799746,0.100109847089896,0.131318452703124,7.12667283387191e-215
tmle,ATE,-0.0113250312758059,0.000638292646791895,-0.0125760618751148,-0.010074000676497,1.96293322179002e-70
iptw,ATE,-0.00852727310330844,0.000386758113400973,-0.00928530507630301,-0.00776924113031388,9.96672360350024e-108
tmle,RR,0.666271989412029,0.160118706108232,0.486808626827068,0.911895022831545,0.011213421189268
iptw,RR,1.57585332961903,0.101539183188798,1.29147345545197,1.92285308380753,7.49834302404945e-06
tmle,ATE,-0.0047771272644238,0.00158639778770488,-0.00788640979347938,-0.00166784473536822,0.00260127597344679
iptw,ATE,0.00579426622041956,0.00153252129874427,0.00279057966934026,0.00879795277149887,0.000156280278460334
tmle,RR,0.697341130050837,0.158715576509023,0.510912275610994,0.951796766047626,0.0231326835262084
iptw,RR,1.79869026427696,0.0931895453755954,1.49841909614097,2.15913336605018,2.98375292681828e-10
tmle,ATE,-0.00419571016078551,0.00159126775090679,-0.00731453764232286,-0.00107688267924816,0.00837145874345291
iptw,ATE,0.00780022159040616,0.0015279904560901,0.00480541532774864,0.0107950278530637,3.30988833624055e-07
tmle,RR,0.177253331419386,0.0650773160086047,0.156027264541425,0.201367008462351,9.73571445878196e-156
iptw,RR,0.147730817604567,0.0666853488982035,0.129630868137752,0.168358005956746,7.29877906187527e-181
tmle,ATE,-0.0112803752237972,0.000593136893278812,-0.0124429021725257,-0.0101178482750688,1.20632453964942e-80
iptw,ATE,-0.00811311062059258,0.000381777724143044,-0.00886138121001262,-0.00736484003117255,3.2358045180749e-100
tmle,RR,0.732841077655092,0.152354653401946,0.543657380942726,0.987857543968954,0.0413353453132571
iptw,RR,1.67787702228145,0.091489783664068,1.40243868086912,2.00741133306118,1.54320395132079e-08
tmle,ATE,-0.0036690744401712,0.00157933108262095,-0.00676450648177292,-0.000573642398569484,0.0201693468298989
iptw,ATE,0.00719977547193705,0.00153329487078241,0.00419457274752352,0.0102049781963506,2.65794681194973e-06
tmle,RR,0.640700917059489,0.183606274553171,0.447063693057385,0.918208459992701,0.0153204934712628
iptw,RR,1.73017431754216,0.0986356255216188,1.42603788848426,2.09917505927159,2.72798487248397e-08
tmle,ATE,-0.00462662282277156,0.00156124172111824,-0.00768660036732464,-0.00156664527821848,0.00304236143534839
iptw,ATE,0.00692344781905969,0.00152474825867353,0.0039349961465694,0.00991189949154998,5.60636822002486e-06
tmle,RR,0.187334123341405,0.0638143875735603,0.165309566547342,0.2122930602328,7.97586939112606e-152
iptw,RR,0.24693477062402,0.0598626288486725,0.219597344834625,0.277675401717894,9.92940947436114e-121
tmle,ATE,-0.0108870227391181,0.000606548873632399,-0.012075836686301,-0.00969820879193531,4.87506955852096e-72
iptw,ATE,-0.00708964427719325,0.000393531572551955,-0.00786095198617449,-0.006318336568212,1.47405395929612e-72
tmle,RR,0.228408991908279,0.058025447784921,0.203855224543076,0.255920188955139,7.47504559782347e-143
iptw,RR,0.227751723012859,0.0598342488482752,0.2025492625264,0.256090033053394,5.5324739380084e-135
tmle,ATE,-0.0107934307261944,0.000612779174986253,-0.0119944558396436,-0.00959240561274515,1.9270079755035e-69
iptw,ATE,-0.00778522395316409,0.000415289582380012,-0.0085991765777836,-0.00697127132854459,2.06779306774167e-78
tmle,RR,0.642203772964455,0.165423646762585,0.464369822889202,0.888140584682621,0.00742705366124207
iptw,RR,1.50580713859704,0.102024101642658,1.23289553258196,1.83912998200362,6.01855920411207e-05
tmle,ATE,-0.00510170448630716,0.00156874919647892,-0.008176396412182,-0.00202701256043232,0.00114562076032708
iptw,ATE,0.00527903512525852,0.00153241778913894,0.00227555144927769,0.00828251880123934,0.000571258167744046
tmle,RR,0.621197488882041,0.177312719811195,0.438834568124743,0.879343488919636,0.00725034025038763
iptw,RR,1.48743130454391,0.106860026918697,1.20636158055122,1.83398735620067,0.00020271036750114
tmle,ATE,-0.00519261803844855,0.0015610136591484,-0.0082521485897545,-0.00213308748714261,0.000879630031277049
iptw,ATE,0.0048599073561644,0.00152652870387075,0.00186796607521112,0.00785184863711768,0.00145439215927167
tmle,RR,0.660075723506889,0.167639528952543,0.475224403973619,0.916829937856747,0.0132143312667067
iptw,RR,1.55188510406789,0.104229426650797,1.26514212262728,1.90361804666377,2.48260381176553e-05
tmle,ATE,-0.00468788016125615,0.00158727002004023,-0.00779887223427516,-0.00157688808823714,0.00314270758403263
iptw,ATE,0.00545951894147309,0.00152867411633951,0.00246337272934907,0.00845566515359712,0.000355067297068234
tmle,RR,0.698176578339659,0.154035083743438,0.516238481333902,0.944235178444188,0.0196756317597971
iptw,RR,1.75351477323666,0.0915469997960094,1.46549547439708,2.09813958055668,8.52682630624591e-10
tmle,ATE,-0.00430736687303812,0.00159672724649074,-0.00743689476929377,-0.00117783897678247,0.00698366470672376
iptw,ATE,0.00767459010640824,0.00152704877183564,0.00468162951097427,0.0106675507018422,5.01426475975104e-07
tmle,RR,0.573976199925308,0.184055263362972,0.400152708122588,0.82330738089062,0.00255873281295774
iptw,RR,1.56093692288111,0.0986769752882243,1.28644540487861,1.89399726406847,6.40483960860733e-06
tmle,ATE,-0.00610546346995325,0.00157607364293698,-0.00919451104709258,-0.00301641589281392,0.000107131992249138
iptw,ATE,0.00588797474173182,0.0015363386394416,0.00287680634036901,0.00889914314309462,0.000126862067776858
tmle,RR,0.627014155960471,0.172679350342025,0.446984451603292,0.879553528908312,0.00686761982515168
iptw,RR,1.45702681207188,0.104219664290164,1.18783359644809,1.78722603691663,0.000304334082721122
tmle,ATE,-0.0052081265954019,0.00156517608324903,-0.00827581534803346,-0.00214043784277033,0.000876283504951582
iptw,ATE,0.00478711249772274,0.00153098400613576,0.00178643898478981,0.00778778601065567,0.00176707654009819
tmle,RR,0.723847954870541,0.150419380723472,0.539026532142369,0.972040948870911,0.0316751768168614
iptw,RR,1.72412120754947,0.0898237580441969,1.44580483399209,2.0560132795476,1.32536373068728e-09
tmle,ATE,-0.00386922256017601,0.00156766796101085,-0.00694179530347461,-0.000796649816877407,0.0135817537928739
iptw,ATE,0.00768913095214956,0.00153630008219167,0.00467803812160796,0.0107002237826912,5.58716511184699e-07
tmle,RR,0.764164480855165,0.157750809541833,0.560930577357013,1.04103319978041,0.0881860381575333
iptw,RR,1.8531958169704,0.0954192231776158,1.53709362451499,2.2343041967403,1.01114057012552e-10
tmle,ATE,-0.00298551139539951,0.00155706894521278,-0.00603731044946233,6.62876586633113e-05,0.0551881615170953
iptw,ATE,0.00783127534620711,0.00152224537806117,0.00484772922957466,0.0108148214628396,2.68155426216819e-07
tmle,RR,0.612088655084379,0.18145153215982,0.428906379409215,0.873506526526974,0.00682457674521056
iptw,RR,1.44766569914026,0.105692234223198,1.17680062808322,1.7808759839641,0.000464769976559925
tmle,ATE,-0.00524997799796415,0.00155269762879281,-0.00829320942927879,-0.0022067465666495,0.000721705377011388
iptw,ATE,0.00461175738550685,0.0015231409616744,0.00162645595724732,0.00759705881376638,0.00246345783234804
tmle,RR,0.661667508257146,0.176201757848155,0.468442834917781,0.934594061108997,0.0190853772399136
iptw,RR,1.75814901939079,0.0982127673508965,1.45029658264847,2.13134886434055,9.17595367160743e-09
tmle,ATE,-0.00439080065822127,0.00155718422227042,-0.00744282565116531,-0.00133877566527723,0.00480677667087935
iptw,ATE,0.00707790308453217,0.00151924681542624,0.00410023404266957,0.0100555721263948,3.18021402620103e-06
tmle,RR,0.624313138730809,0.17679296002034,0.441485083283741,0.882854053171741,0.00770531285222689
iptw,RR,1.48720810305584,0.10547113980695,1.20946845597845,1.82872726515685,0.000167806310026208
tmle,ATE,-0.00515470224560865,0.00156868475760721,-0.00822926787361573,-0.00208013661760156,0.00101620059650659
iptw,ATE,0.00497241329204689,0.00153428350201631,0.00196527288602094,0.00797955369807285,0.00119165536374672
tmle,RR,0.584245214511843,0.185814630404931,0.405909731700506,0.840931970884214,0.00382413970842416
iptw,RR,1.55752592836425,0.102664538942592,1.27364111761822,1.90468648033557,1.58892707275848e-05
tmle,ATE,-0.00580799409952918,0.00159156368622423,-0.00892740160363048,-0.00268858659542788,0.000263019715684053
iptw,ATE,0.00554146080801367,0.00152307670984171,0.00255628531103216,0.00852663630499518,0.000274408087758466
tmle,RR,0.148728970978315,0.0703776481288447,0.129565689480916,0.170726578131061,1.8275785639431e-161
iptw,RR,0.135839680854713,0.0658864089986999,0.119383426457056,0.154564326408808,1.18841384379702e-201
tmle,ATE,-0.0112955144954016,0.000586598302612044,-0.0124452260419136,-0.0101458029488897,1.25816528234217e-82
iptw,ATE,-0.00789780655557213,0.000372720775605861,-0.00862832585204945,-0.00716728725909481,1.19088427936124e-99
tmle,RR,0.206259459835199,0.0620159028080186,0.182652593797618,0.232917386427297,6.20043680989182e-143
iptw,RR,0.247713769684248,0.0590247610633675,0.220652158744452,0.278094318407495,1.41635035329229e-123
tmle,ATE,-0.0111370534855555,0.000626953365542791,-0.0123658595020055,-0.00990824746910543,1.34871400796477e-70
iptw,ATE,-0.00759561469268929,0.000442165236826859,-0.00846224263208556,-0.00672898675329303,3.8654753647177e-66
tmle,RR,0.223606066573548,0.057544298059698,0.199756898669217,0.250302609529845,2.27537694759786e-149
iptw,RR,0.194296713714512,0.0574833713154869,0.173594323904834,0.217468014570308,1.11871317657153e-178
tmle,ATE,-0.0109026305819829,0.000573167958107026,-0.012026019136965,-0.00977924202700072,1.12761065725169e-80
iptw,ATE,-0.00803955434407819,0.000388844656085635,-0.0088016758655869,-0.00727743282256949,5.75774153988993e-95
tmle,RR,0.615777171865397,0.175476376164761,0.436573954343361,0.868539045030442,0.00572438866484937
iptw,RR,1.57946013707422,0.102801248476618,1.29123142837329,1.93202726466265,8.73701807723827e-06
tmle,ATE,-0.00538343386798634,0.0015694419254374,-0.00845948351767084,-0.00230738421830184,0.000603229749649101
iptw,ATE,0.00573607290134045,0.00153098419381797,0.00273539902055714,0.00873674678212376,0.000179206740675501
tmle,RR,0.147298005314141,0.0660138039947978,0.1294213166973,0.16764396254962,4.43388443087188e-185
iptw,RR,0.119409932879737,0.0681004790007373,0.104489637235233,0.13646072900266,8.63592999157081e-214
tmle,ATE,-0.0115602560876379,0.000515322103457915,-0.0125702688508528,-0.010550243324423,1.87265559904816e-111
iptw,ATE,-0.00871420000240565,0.00039968839192562,-0.0094975748556186,-0.00793082514919271,2.19758656376274e-105
tmle,RR,0.55599288366403,0.187084434491294,0.385320995453487,0.802261206455226,0.00170325783754401
iptw,RR,1.47989976814462,0.102112449619742,1.21147380323578,1.80780081080157,0.000123710623119102
tmle,ATE,-0.00645216345700808,0.00158499655637794,-0.00955869962312885,-0.00334562729088731,4.68571045796915e-05
iptw,ATE,0.00506461864024973,0.00153050211479558,0.00206488961698799,0.00806434766351146,0.000935889542961057
tmle,RR,0.650704317110252,0.175179444737128,0.46160518071899,0.917268969222599,0.0141704605010912
iptw,RR,1.62570329724688,0.10186548461053,1.33147565119011,1.98494896118985,1.83847786882246e-06
tmle,ATE,-0.00462669956863412,0.00155507562483047,-0.00767459178653796,-0.00157880735073029,0.00292773909643258
iptw,ATE,0.00603220219008004,0.0015205743238702,0.00305193127947812,0.00901247310068197,7.27661615668073e-05
tmle,RR,0.572754678151147,0.186038575394774,0.397751954727191,0.82475501991945,0.00273902416402906
iptw,RR,1.57087111211256,0.1049056670674,1.2789238533504,1.92946284050085,1.66903661632361e-05
tmle,ATE,-0.00612106824215471,0.00161912088010183,-0.00929448685377108,-0.00294764963053833,0.000156520803876736
iptw,ATE,0.00555206338817297,0.0015289033985622,0.00255546779115018,0.00854865898519577,0.000281885320734319
tmle,RR,0.210965151385858,0.0615220522350937,0.1870006240269,0.238000783852229,3.83762152398015e-141
iptw,RR,0.181271666656793,0.0617590530605391,0.160605541684565,0.204597031882427,2.64386845233304e-168
tmle,ATE,-0.0108804598525287,0.000590824205784171,-0.0120384540170602,-0.00972246568799725,9.82531817097142e-76
iptw,ATE,-0.00812547893418191,0.000401393583255191,-0.00891219590098756,-0.00733876196737625,4.08051602276993e-91
tmle,RR,0.151612275003853,0.0662268305863823,0.133156381312511,0.172626213668997,1.83016890358075e-178
iptw,RR,0.13194584785032,0.066674093839419,0.11578242371495,0.150365713606078,1.10341126000939e-202
tmle,ATE,-0.0122611034237641,0.000599484440268658,-0.0134360713359829,-0.0110861355115454,5.67859782223078e-93
iptw,ATE,-0.00879576172452586,0.000407741391776485,-0.00959492016741401,-0.00799660328163772,3.29772857408738e-103
tmle,RR,0.645973046048968,0.167913119360539,0.464821802658852,0.897722899044043,0.00925410170448155
iptw,RR,1.52334210543557,0.102286960464415,1.24661006100277,1.86150524754003,3.87247812026712e-05
tmle,ATE,-0.00493210345192809,0.00156073817043485,-0.00799109405527734,-0.00187311284857885,0.00157709878815851
iptw,ATE,0.00533317507771334,0.00152464147353297,0.00234493270025263,0.00832141745517404,0.000468785107853491
tmle,RR,0.673453678325384,0.160261451270116,0.491918249603321,0.921982173289407,0.0136319078262303
iptw,RR,1.60172323884166,0.100297980120083,1.31587210718411,1.9496707315542,2.64262266065663e-06
tmle,ATE,-0.00462543044659133,0.00158976398922599,-0.00774131060939299,-0.00150955028378967,0.0036199855790241
iptw,ATE,0.00599352300730265,0.00152570715462852,0.00300319193327567,0.00898385408132964,8.55280371502683e-05
tmle,RR,0.65175932385273,0.171700225225215,0.465517225814929,0.91251234685319,0.0126603913508534
iptw,RR,1.7582656131376,0.094918825080975,1.45978679974225,2.117773613851,2.7582703647978e-09
tmle,ATE,-0.00474808145481498,0.00159167020260033,-0.0078676977271772,-0.00162846518245276,0.0028536227723574
iptw,ATE,0.00733989718236804,0.00152033320881518,0.00436009884859008,0.010319695516146,1.38034809784029e-06
tmle,RR,0.20892865306324,0.058062769020696,0.186455365741385,0.234110624262561,3.63222288528122e-160
iptw,RR,0.228591369582639,0.0575171827917429,0.20422133691015,0.255869514117697,3.37637927002097e-145
tmle,ATE,-0.010602702385008,0.000517703885179618,-0.0116173833546165,-0.00958802141539946,3.23029882854066e-93
iptw,ATE,-0.00788219724076534,0.000415614613440162,-0.00869678691455659,-0.00706760756697408,3.31024672985967e-80
tmle,RR,0.682614389720021,0.163102008646697,0.495841368623131,0.939740881941208,0.0192311060323391
iptw,RR,1.69408435852205,0.0935900897527232,1.41016848221455,2.0351623582468,1.77657538331626e-08
tmle,ATE,-0.00432127162639481,0.00155946755349388,-0.00737777186630161,-0.00126477138648801,0.00558858536272698
iptw,ATE,0.00709793625762941,0.00152796766799334,0.0041031746588208,0.010092697856438,3.39509363836746e-06
tmle,RR,0.179723423545398,0.0659807196621137,0.157921693456701,0.204534970869816,3.55820124368986e-149
iptw,RR,0.132576429541722,0.0663365838535944,0.11641274129978,0.150984415226243,8.89779561677415e-204
tmle,ATE,-0.0109345438786545,0.000600283833171379,-0.012111078572172,-0.00975800918513692,3.8797762525224e-74
iptw,ATE,-0.00825714350585868,0.000395493682883364,-0.00903229688042318,-0.00748199013129418,8.47522333494277e-97
tmle,RR,0.657715074417894,0.16424626587438,0.476684599036812,0.907495480220307,0.0107430774405441
iptw,RR,1.59430671425495,0.0993615204316963,1.31218538271261,1.93708444904626,2.67439629238398e-06
tmle,ATE,-0.0048547556180597,0.00159870888685972,-0.00798816745806888,-0.00172134377805052,0.00239205043609253
iptw,ATE,0.00612050116261728,0.00154064079140251,0.00310090069835507,0.0091401016268795,7.1063011933871e-05
tmle,RR,0.108725572823148,0.0691212282582471,0.0949501397483337,0.124499555419866,4.1371631086948e-226
iptw,RR,0.145707459358592,0.0629793097529779,0.128787496191539,0.164850349145389,2.00257516694124e-205
tmle,ATE,-0.0121671753396429,0.000583182369729708,-0.0133101917807319,-0.011024158898554,1.15150513937978e-96
iptw,ATE,-0.00829695188302801,0.000389734573537266,-0.00906081761069112,-0.00753308615536489,1.44405475789184e-100
tmle,RR,0.63331808214379,0.17691881892051,0.447742496291593,0.895809078861875,0.00982648345517849
iptw,RR,1.79997347028808,0.094630356422778,1.49525959757597,2.1667839477461,5.2567862020316e-10
tmle,ATE,-0.00497251400467864,0.00158076461399254,-0.00807075571613938,-0.0018742722932179,0.00165724715710669
iptw,ATE,0.00761886952020582,0.00152035329398348,0.00463903182022137,0.0105987072201903,5.40777759550725e-07
tmle,RR,0.258987999941935,0.0540478195256181,0.23295608249236,0.287928880827241,6.77537868764208e-138
iptw,RR,0.218254468971542,0.0568272758906218,0.195250286645271,0.243968979736212,4.88954159780984e-158
tmle,ATE,-0.0100486514189741,0.000528461818253425,-0.0110844175499554,-0.00901288528799286,1.28368470738385e-80
iptw,ATE,-0.00792495159895896,0.000408778962247828,-0.00872614364260236,-0.00712375955531555,9.95843812987961e-84
tmle,RR,0.196396730200635,0.0622603045109839,0.173835385765733,0.221886214153667,1.21025499531627e-150
iptw,RR,0.176845583020957,0.0611121653623005,0.156882841824467,0.199348506632832,8.57280905180816e-177
tmle,ATE,-0.0115731453497766,0.000630331627566309,-0.0128085726381231,-0.0103377180614302,2.72555786294565e-75
iptw,ATE,-0.00831466801298338,0.000408746911809614,-0.00911579723892219,-0.00751353878704457,5.48239259909762e-92
tmle,RR,0.719844317250175,0.152688515834472,0.533666424580265,0.970973284453714,0.0313279745588448
iptw,RR,1.79971092884155,0.0902022176746025,1.50807342534795,2.14774650421573,7.29122028752706e-11
tmle,ATE,-0.00391361375003285,0.00159066372435417,-0.00703125736128138,-0.000795970138784328,0.0138795682117601
iptw,ATE,0.00810402928170184,0.00152750322624593,0.00511017797199109,0.0110978805914126,1.12420674324895e-07
tmle,RR,0.724031862279651,0.151582065614355,0.537936224215435,0.974506110572314,0.0331443473995211
iptw,RR,1.69299774275973,0.091545501672142,1.41492267597458,2.02572296398834,8.8587702041111e-09
tmle,ATE,-0.00381726534009446,0.00155833347004399,-0.00687154281728401,-0.000762987862904902,0.014302221081264
iptw,ATE,0.00724946924922415,0.00152607749842608,0.00425841231469205,0.0102405261837563,2.0302078795159e-06
tmle,RR,0.175240511454233,0.06017693476853,0.155744174906378,0.19717743455382,3.61590828419694e-184
iptw,RR,0.1906569993917,0.0620217291650981,0.168833942568178,0.215300850433959,2.68786028342077e-157
tmle,ATE,-0.0107829028440914,0.000513615342749068,-0.0117895704177868,-0.00977623527039604,7.42225629344295e-98
iptw,ATE,-0.00764108610145557,0.000391122082253464,-0.00840767129623067,-0.00687450090668047,5.39334819396139e-85
tmle,RR,0.638347716996135,0.172711237621155,0.455035455633024,0.895507817577204,0.00935026704427068
iptw,RR,1.6905577478778,0.0968791040702009,1.39819056622238,2.0440600644527,5.96894022337312e-08
tmle,ATE,-0.00498632786487977,0.00158156673453093,-0.008086141703707,-0.00188651402605253,0.00161725077196811
iptw,ATE,0.00679540143503119,0.00152326609528568,0.00380985474940031,0.00978094812066207,8.15502564949868e-06
tmle,RR,0.702169521166027,0.156247298147232,0.516944635603032,0.953761781238678,0.0236385358662363
iptw,RR,1.61632583933877,0.0994070481848829,1.33018940088605,1.96401295723299,1.36398396478544e-06
tmle,ATE,-0.00412384338400091,0.00156152584031749,-0.00718437779195184,-0.00106330897604998,0.008268459070735
iptw,ATE,0.00617586481678233,0.00152972367187013,0.0031776615136185,0.00917406811994615,5.40832472234789e-05
tmle,RR,0.132109401440491,0.0623836977136045,0.116904875871483,0.149291411661489,6.09322145637945e-231
iptw,RR,0.132836747622373,0.0656898078125646,0.116789276492104,0.151089227101112,2.2770155274048e-207
tmle,ATE,-0.0116848416333736,0.000510524021140764,-0.0126854503280521,-0.0106842329386952,6.12720970792752e-116
iptw,ATE,-0.00869243925192165,0.00040150480763655,-0.00947937421450898,-0.00790550428933433,6.12413022492455e-104
tmle,RR,0.575702073258833,0.178848718237723,0.405472578169042,0.81739899317271,0.00201963356904114
iptw,RR,1.44029168142285,0.101022738875862,1.18157077652024,1.75566302823191,0.000304407513410746
tmle,ATE,-0.00623915877978032,0.00158949807312934,-0.00935451775660965,-0.003123799802951,8.66439064135976e-05
iptw,ATE,0.00483487903858749,0.00153401768584061,0.00182825962269241,0.00784149845448256,0.00162281107475947
tmle,RR,0.22757344290332,0.0610294300659884,0.201917162632703,0.256489697258071,5.82461018802628e-130
iptw,RR,0.171990828497463,0.0639812447529378,0.151720531093768,0.194969295677999,1.22823156208959e-166
tmle,ATE,-0.0110074271757235,0.000634964499473455,-0.012251934726153,-0.00976291962529403,2.53849248076106e-67
iptw,ATE,-0.00847960631547867,0.000409617840937443,-0.00928244253114111,-0.00767677009981622,3.37417221106371e-95
tmle,RR,0.14291757335242,0.0648777850314758,0.125852417640615,0.162296705584722,1.45188571653388e-197
iptw,RR,0.094675884548573,0.0745371885400616,0.0818075151548458,0.109568455881938,1.6334893104825e-219
tmle,ATE,-0.0121785505714611,0.000542811649672848,-0.0132424418552086,-0.0111146592877135,1.75117357984327e-111
iptw,ATE,-0.00959986362539251,0.000427179355760589,-0.0104371197776223,-0.00876260747316273,7.68189074182592e-112
tmle,RR,0.605968905399521,0.180677290762488,0.425262953115049,0.863461798450508,0.00556286386851552
iptw,RR,1.58851668323534,0.0978220999483894,1.31137064535144,1.92423496885638,2.23367891103785e-06
tmle,ATE,-0.00544358986421066,0.0015686082516981,-0.00851800554339128,-0.00236917418503004,0.00051981732001167
iptw,ATE,0.00611763702814177,0.00153194504137213,0.00311507992075769,0.00912019413552586,6.51383492450167e-05
tmle,RR,0.628351430212594,0.183702179462703,0.43836414952444,0.900679310291544,0.0114258837573593
iptw,RR,1.74346272716763,0.0966021172645125,1.44272911412509,2.1068835800587,8.70247528126533e-09
tmle,ATE,-0.00485155699948145,0.00155656350313943,-0.00790236540528423,-0.00180074859367867,0.00182801706146938
iptw,ATE,0.00713317456102135,0.00152029736520763,0.00415344647942327,0.0101129026426194,2.70599924374315e-06
tmle,RR,0.610951717270285,0.183330581074541,0.426535925810858,0.875100966292411,0.00719463050903416
iptw,RR,1.50055915847625,0.108563399897678,1.21295248427908,1.85636108361264,0.000185301009330555
tmle,ATE,-0.00523233539032956,0.00156064592867341,-0.00829114520314852,-0.0021735255775106,0.00080035219275877
iptw,ATE,0.00489392603638629,0.00152691583996348,0.00190122598263416,0.00788662609013843,0.0013501308218196
tmle,RR,0.674366218738415,0.162699506676958,0.490236604655093,0.92765369345584,0.0154552656979656
iptw,RR,1.70745199724408,0.0932374050525041,1.42227861398991,2.04980395136102,9.57649188615073e-09
tmle,ATE,-0.00449525902461007,0.00156210454650092,-0.00755692767583815,-0.001433590373382,0.0040059339377573
iptw,ATE,0.00723774690601365,0.00152693050825005,0.00424501810294812,0.0102304757090792,2.13651708308222e-06
tmle,RR,0.643042423862711,0.177625137627802,0.453988481954502,0.910823898234211,0.0129252384291743
iptw,RR,1.69882294314865,0.101185693054879,1.39321678986209,2.07146469463227,1.6297940236872e-07
tmle,ATE,-0.00475487515201951,0.00158374917004319,-0.00785896648584937,-0.00165078381818965,0.00267956301942444
iptw,ATE,0.00655510455100917,0.00152379113278532,0.00356852881078845,0.00954168029122988,1.69386159985973e-05
tmle,RR,0.652944617590747,0.170048913444353,0.467875655600316,0.911217902743216,0.0121861347988599
iptw,RR,1.69296034606004,0.0989870653490866,1.39440471634528,2.05543964369525,1.04533483185755e-07
tmle,ATE,-0.00475898550730993,0.00158584981940212,-0.00786719403822743,-0.00165077697639242,0.00269178053232989
iptw,ATE,0.00672616261678264,0.00152806745718714,0.00373120543474814,0.00972111979881713,1.07383937509458e-05
tmle,RR,0.13421901102039,0.0690447963788449,0.117231142417685,0.153668577715523,5.29483098878016e-186
iptw,RR,0.0926388269797009,0.0696005943556988,0.0808255956628089,0.106178645437733,4.56686950136249e-256
tmle,ATE,-0.0118700661977273,0.000591548943402755,-0.0130294808218894,-0.0107106515735651,1.46093279279549e-89
iptw,ATE,-0.00898812912308447,0.000387719275577898,-0.00974804493932911,-0.00822821330683983,6.90878533431629e-119
tmle,RR,0.779723289989661,0.149259652453557,0.581956415322535,1.0446974944255,0.0955139545592499
iptw,RR,1.78616512111321,0.0920888076056393,1.49119853858926,2.13947757949094,2.99497882460923e-10
tmle,ATE,-0.00289041781711607,0.00155899476614718,-0.00594599141085098,0.000165155776618848,0.063735349814131
iptw,ATE,0.00782005873378776,0.00152622733535879,0.004828708124264,0.0108114093433115,2.99464513449376e-07
tmle,RR,0.595830735966466,0.181547954539503,0.417435138071519,0.850465697646938,0.00434271220519075
iptw,RR,1.78504782699005,0.095498398771358,1.48033999320464,2.15247561997161,1.29843188315773e-09
tmle,ATE,-0.0056968255384641,0.00160255906346576,-0.00883778358595523,-0.00255586749097297,0.000378223098150287
iptw,ATE,0.00744869895335167,0.0015226268717671,0.00446440512279525,0.0104329927839081,9.98136806651288e-07
tmle,RR,0.646506097585567,0.170304764289281,0.46302980490151,0.902685161496729,0.0104332293422377
iptw,RR,1.49999511518555,0.10819823524818,1.21336465509086,1.85433565757858,0.000178678449677286
tmle,ATE,-0.00491541636425013,0.00160376703993633,-0.00805874200211775,-0.00177209072638252,0.00217728823440388
iptw,ATE,0.00490647528274754,0.00152904178831528,0.00190960844679288,0.0079033421187022,0.00133264106332403
tmle,RR,0.636227802300768,0.172436135299975,0.453768912025728,0.892052773323341,0.00873097980671472
iptw,RR,1.73462393877619,0.0962574611061199,1.43638491721729,2.0947868310986,1.05242236836314e-08
tmle,ATE,-0.00505328700471478,0.00158566795951168,-0.00816113909679678,-0.00194543491263277,0.00143831012223947
iptw,ATE,0.0071645082742264,0.00152963376429898,0.00416648118666398,0.0101625353617888,2.81596121776839e-06
tmle,RR,0.561300142687673,0.200331886107072,0.379028914766634,0.831223787702797,0.00394265414856813
iptw,RR,1.5746634342999,0.101658165836633,1.2901973783729,1.92184930219607,7.95631797847005e-06
tmle,ATE,-0.00585409613610041,0.00155449365749535,-0.00890084771898725,-0.00280734455321358,0.000165938041216537
iptw,ATE,0.00570462487957882,0.00151986161256802,0.00272575085746053,0.00868349890169712,0.000174463000606033
tmle,RR,0.228752785861409,0.0587089266067085,0.203888749803679,0.256648967094757,2.59388910489595e-139
iptw,RR,0.154372445391349,0.0691170564471678,0.134814696608261,0.176767463011483,6.18233232345817e-161
tmle,ATE,-0.0100300008047082,0.000509478606255743,-0.0110285605238631,-0.00903144108555329,2.79845913475247e-86
iptw,ATE,-0.00797691483584607,0.000389312278882893,-0.00873995288119575,-0.00721387679049639,2.65704283993678e-93
tmle,RR,0.622833669495329,0.18076255490975,0.437025437424546,0.887641191192659,0.00881041077409869
iptw,RR,1.70975317816897,0.0947965749546561,1.41984987909248,2.05884859611168,1.53241282227079e-08
tmle,ATE,-0.00507509857135414,0.00157721906894488,-0.0081663911422159,-0.00198380600049239,0.00129199831045604
iptw,ATE,0.00710966670254898,0.00152374215394499,0.00412318695909132,0.0100961464460066,3.07231666496522e-06
tmle,RR,0.6263141266853,0.173152752101325,0.446071336756751,0.879387113589592,0.00688705088454566
iptw,RR,1.72673148732395,0.0968591977206242,1.42816409347976,2.08771642063289,1.70617649557625e-08
tmle,ATE,-0.00522162820607174,0.00156836128872515,-0.00829555984671987,-0.00214769656542361,0.000870480322252658
iptw,ATE,0.00705258771486332,0.00152732446511103,0.00405908677053879,0.0100460886591879,3.8818615714525e-06
tmle,RR,0.202826696439875,0.0649572670495903,0.178580235415526,0.230365183991333,3.3148821528207e-133
iptw,RR,0.168783165917918,0.0684855989839021,0.147582234395227,0.193029718068809,8.70795246900764e-149
tmle,ATE,-0.0112954830416151,0.000627137481878367,-0.0125246499194518,-0.0100663161637784,1.592122845958e-72
iptw,ATE,-0.00827259693232273,0.000413869352132722,-0.00908376595680779,-0.00746142790783767,6.9452186460116e-89
tmle,RR,0.234451917382161,0.0599682759762025,0.208453263989967,0.263693168013033,2.98514555465311e-129
iptw,RR,0.256940810941097,0.0558881054734667,0.23028256004813,0.286685106823853,1.36633539443666e-130
tmle,ATE,-0.0112222606010296,0.000652288582180848,-0.0125007227296308,-0.00994379847242848,2.45937482793827e-66
iptw,ATE,-0.00774073633504069,0.000423830364502135,-0.00857142858501936,-0.00691004408506202,1.6082302376903e-74
tmle,RR,0.650425824075908,0.166017627308696,0.4697678760853,0.900559136035956,0.00957371222388485
iptw,RR,1.64243614776028,0.0962944087171051,1.35994876003193,1.98360157290506,2.5670002801892e-07
tmle,ATE,-0.0049271103781462,0.00158843871423815,-0.00804039304970208,-0.00181382770659031,0.00192310573338732
iptw,ATE,0.00655250809696255,0.00152575797491467,0.00356207741700503,0.00954293877692008,1.75014841507297e-05
