estimator,parameter,estimate,std.dev,ci.lb,ci.ub,pvalue
tmle,RR,0.212389088605176,0.0592674667107785,0.189096566024416,0.23855073577969,1.23397439253201e-150
iptw,RR,0.151149172127242,0.0663893134364255,0.13270738355623,0.172153738718468,3.58998298423751e-178
tmle,ATE,-0.0106820791074587,0.000529365368666075,-0.011719616164707,-0.00964454205021045,1.49657205365112e-90
iptw,ATE,-0.00845020453612115,0.000410082987741497,-0.00925395242276706,-0.00764645664947523,2.42038959072439e-94
tmle,RR,0.544416983573149,0.200473639390811,0.367526106453951,0.80644571038118,0.00242122538231129
iptw,RR,1.7235819055298,0.0972845079873521,1.42437126203128,2.08564625267237,2.19346916211764e-08
tmle,ATE,-0.0063130360952089,0.00158946145256628,-0.00942832329705352,-0.00319774889336427,7.1329128544694e-05
iptw,ATE,0.0069511215711953,0.00152019557930109,0.00397159298630817,0.00993065015608243,4.81897930518611e-06
tmle,RR,0.60201307345126,0.177987642525091,0.424719857485941,0.853314800846649,0.00435562955390664
iptw,RR,1.47314413424532,0.1032985207983,1.20314336534996,1.80373653112416,0.000176633081525209
tmle,ATE,-0.00564094041594565,0.00158828952280136,-0.00875393067765863,-0.00252795015423267,0.000382922712974272
iptw,ATE,0.004946145584032,0.00152950919512103,0.00194836264757193,0.00794392852049206,0.00122149723733568
tmle,RR,0.228044357580197,0.0616848464805245,0.202075235964855,0.257350826665417,6.60477066446678e-127
iptw,RR,0.18631595979825,0.0602281179969035,0.165570816739333,0.209660358988229,2.73465851259322e-171
tmle,ATE,-0.00996149224311836,0.000554228888010394,-0.0110477609028104,-0.0088752235834263,3.13642631421002e-72
iptw,ATE,-0.00757731897446872,0.000374369483024224,-0.00831106967810708,-0.00684356827083036,4.33271633359515e-91
tmle,RR,0.641861151594331,0.176133008516245,0.454481701619307,0.906495765303875,0.0118251129861436
iptw,RR,1.62177965373459,0.0990740270988356,1.33554917332216,1.96935410376915,1.05853460850879e-06
tmle,ATE,-0.00479077255183846,0.00155952112488357,-0.00784737778973964,-0.00173416731393728,0.00212664598778333
iptw,ATE,0.0062086839324063,0.00152662821426683,0.00321654761466062,0.00920082025015198,4.76373677625033e-05
tmle,RR,0.23285271796056,0.0595948554311442,0.207182981549395,0.261702905596487,4.53182406019845e-132
iptw,RR,0.279528736770206,0.0559685825742106,0.250487419102277,0.311937082350805,8.22830738373503e-115
tmle,ATE,-0.0107151296414473,0.000598600921978555,-0.0118883658896377,-0.00954189339325682,1.17311084548195e-71
iptw,ATE,-0.00711999465431152,0.000407179370129881,-0.00791805155501379,-0.00632193775360925,1.82728522733534e-68
tmle,RR,0.221628649206317,0.0612026141101531,0.196575839897098,0.249874339464755,7.89238032076787e-134
iptw,RR,0.244161141670357,0.0594119207440463,0.217322668141352,0.2743140584994,1.71086804647363e-124
tmle,ATE,-0.0105361510653057,0.000581717066077744,-0.0116762955640104,-0.00939600656660103,2.55534874007497e-73
iptw,ATE,-0.00706523879530335,0.000391948181868212,-0.007833443115571,-0.0062970344750357,1.21897522742099e-72
tmle,RR,0.614923288888982,0.185913180966369,0.427141093148167,0.885259361095647,0.00890943564706829
iptw,RR,1.58346836050438,0.102406643561971,1.29550978349971,1.93543273902957,7.18402923945812e-06
tmle,ATE,-0.00511145678160621,0.00156922541729884,-0.00818708208313677,-0.00203583148007565,0.00112472734378719
iptw,ATE,0.00578091944969521,0.00153219386933528,0.002777874648465,0.00878396425092542,0.000161316558317492
tmle,RR,0.219378519984746,0.0562531454906137,0.196476827948046,0.244949674388188,3.64306166593871e-160
iptw,RR,0.212261358171632,0.0593967604465825,0.188934959397658,0.23846769447277,4.19428221598919e-150
tmle,ATE,-0.0107114215173855,0.000565212365663449,-0.0118192173977025,-0.00960362563706845,4.32078629072152e-80
iptw,ATE,-0.00787696646855838,0.000415577768055682,-0.00869148392672306,-0.00706244901039371,4.07290187908384e-80
tmle,RR,0.153341502235501,0.0630467538902614,0.135517137437756,0.173510278865211,2.25189132941023e-194
iptw,RR,0.16762418359914,0.059631920029147,0.149134421297122,0.188406316146817,4.28030909110217e-197
tmle,ATE,-0.0112552257317423,0.000522576601084023,-0.0122794570490304,-0.0102309944144543,6.86880556868297e-103
iptw,ATE,-0.00809725962815819,0.000398483888863965,-0.00887827369875103,-0.00731624555756536,8.52837691518057e-92
tmle,RR,0.660539743698938,0.173408637252596,0.470211508080627,0.927907432097653,0.0167819962150239
iptw,RR,1.60223527149459,0.10418004588086,1.30631547664588,1.96518981143272,6.04366597872761e-06
tmle,ATE,-0.00451947800341608,0.00158252870614246,-0.00762117727195608,-0.00141777873487608,0.00429206416715888
iptw,ATE,0.00579978054902183,0.00152915220609451,0.00280269729819663,0.00879686379984703,0.000148953392590333
tmle,RR,0.22502697595472,0.059358841802739,0.200312589927819,0.252790600558719,2.49476344667411e-139
iptw,RR,0.198463687860979,0.0595282081232257,0.176608074079993,0.223023978969046,1.63433590061503e-162
tmle,ATE,-0.0100260331767611,0.000508457365672379,-0.0110225913011531,-0.0090294750523691,1.49503080208457e-86
iptw,ATE,-0.00749263362994555,0.000378366946561942,-0.00823421921814734,-0.00675104804174375,2.8295086516964e-87
tmle,RR,0.629213546768662,0.171687631937782,0.449425062010821,0.88092481016928,0.00696704097129238
iptw,RR,1.54781822849093,0.10132686753411,1.26902556432852,1.8878589492533,1.62327812472457e-05
tmle,ATE,-0.00521344264100486,0.00158631110507488,-0.00832255527522755,-0.00210433000678218,0.00101433691393365
iptw,ATE,0.00559557471612607,0.00152875194532935,0.002599275961985,0.00859187347026714,0.000251994757754176
tmle,RR,0.157774814140909,0.0646450738314228,0.138999004742783,0.179086836076722,1.8293184416573e-179
iptw,RR,0.128762869997132,0.0738966183100912,0.111401164997277,0.148830370762313,2.39705663167457e-169
tmle,ATE,-0.0118574827584461,0.000586930173536816,-0.0130078447600181,-0.0107071207568741,9.29812439355498e-91
iptw,ATE,-0.00848873142339857,0.000401004793432763,-0.0092746863761547,-0.00770277647064243,1.85790949112893e-99
tmle,RR,0.204701040698329,0.0600396121945836,0.1819760525683,0.230263902703637,8.22358968294736e-154
iptw,RR,0.18642516460872,0.0612456165749444,0.165337806594709,0.210202026476505,1.34152006487272e-165
tmle,ATE,-0.0107297377390189,0.000561279102670519,-0.011829824565528,-0.00962965091250969,1.8376398414161e-81
iptw,ATE,-0.00789508717357337,0.00038540708308386,-0.00865047117580437,-0.00713970317134237,2.92624030474858e-93
tmle,RR,0.633389352835037,0.176746698670974,0.447943971347839,0.895607705306653,0.00977315307693469
iptw,RR,1.66469321975978,0.0964104565203023,1.37806429754,2.01093919990605,1.24912383293806e-07
tmle,ATE,-0.00498052580996426,0.00158099350361685,-0.00807921613684509,-0.00188183548308343,0.00163130442542212
iptw,ATE,0.00667609047343272,0.00152622673488173,0.00368474104082237,0.00966743990604308,1.21853170770365e-05
tmle,RR,0.701772051854755,0.158664373673991,0.514210225470158,0.957748384552524,0.025611731440049
iptw,RR,1.70026563434605,0.0977805659952423,1.40373719721841,2.0594333704818,5.68860251366409e-08
tmle,ATE,-0.00406128647705432,0.00155730355921407,-0.00711354536610994,-0.0010090275879987,0.00911004993578693
iptw,ATE,0.00675464804253473,0.00151909704025913,0.00377727255460545,0.009732023530464,8.72851977593277e-06
tmle,RR,0.200293391941155,0.0598338155153141,0.17812955593093,0.225214971460709,4.42659006134231e-159
iptw,RR,0.19240383979952,0.0610856170478025,0.170693727952484,0.216875206919755,2.46135820594858e-160
tmle,ATE,-0.0119714246745636,0.000610163353537452,-0.0131673228721832,-0.010775526476944,1.04287006005359e-85
iptw,ATE,-0.00871831810445806,0.000434271579006852,-0.00956947475882083,-0.00786716145009529,1.20307018801518e-89
tmle,RR,0.655635974912209,0.173303805679903,0.466816618702557,0.92082953857514,0.0148550701261897
iptw,RR,1.67780873898723,0.0989272483890661,1.38208713886655,2.03680512281631,1.68593815852357e-07
tmle,ATE,-0.0046115965137162,0.00158425289317844,-0.00771667512674933,-0.00150651790068308,0.00360393150074032
iptw,ATE,0.00657800245743272,0.00152173407551687,0.00359545847537231,0.00956054643949314,1.54130072973764e-05
tmle,RR,0.164684923707858,0.0630144020079218,0.145551232298351,0.186333867933665,3.38301176979332e-180
iptw,RR,0.183786858222147,0.0602522190231428,0.163315600417119,0.206824143981941,6.46051359000413e-174
tmle,ATE,-0.0115062978912044,0.000610861271248908,-0.0127035639824026,-0.0103090318000062,3.81468676870844e-79
iptw,ATE,-0.00793098967923717,0.000398566858591383,-0.00871216636750755,-0.00714981299096679,4.17049155119097e-88
tmle,RR,0.120660865001787,0.0659956294455941,0.106020745269787,0.137322599515139,2.65160786730203e-225
iptw,RR,0.144164327911337,0.0642265272200406,0.127112450892802,0.163503679585682,9.0071070540748e-200
tmle,ATE,-0.012623606572845,0.000623178870006064,-0.0138450147139832,-0.0114021984317067,3.09463234495755e-91
iptw,ATE,-0.00876711888792123,0.000393850855764152,-0.00953905238049925,-0.00799518539534321,9.02533166248658e-110
tmle,RR,0.605641171186604,0.177033093584905,0.428079615771439,0.856852825321456,0.00461681410293396
iptw,RR,1.54211021015897,0.100250152338758,1.26701666804798,1.87693181964241,1.55528602128046e-05
tmle,ATE,-0.00554768718323575,0.00156369986947668,-0.00861248261004002,-0.00248289175643147,0.000388469880174569
iptw,ATE,0.00562207026750146,0.00153112371434452,0.002621122931511,0.00862301760349192,0.000240792604241344
tmle,RR,0.684516947334566,0.151539950058369,0.508619686154444,0.921245213159038,0.012374984315024
iptw,RR,1.55866512000562,0.0962941152649499,1.29058649817694,1.88242861656613,4.0440456448528e-06
tmle,ATE,-0.00464901620427339,0.00158576515452498,-0.00775705879508094,-0.00154097361346583,0.00337092715873735
iptw,ATE,0.00599528760443369,0.00153242444508289,0.00299179088304243,0.00899878432582494,9.14253334474853e-05
tmle,RR,0.229757674897386,0.0585714301648563,0.20483960790931,0.257706943071404,3.86513238445948e-139
iptw,RR,0.182849822163711,0.0620188101355892,0.161921319926351,0.206483355499499,3.02992484735085e-165
tmle,ATE,-0.0106613517585962,0.00056828343900649,-0.0117751668320595,-0.00954753668513291,1.58528378884898e-78
iptw,ATE,-0.00807545334049424,0.000406489590284283,-0.00887215829754188,-0.0072787483834466,7.96268157348316e-88
tmle,RR,0.723337877548143,0.153189425689802,0.53573020368171,0.976643992629373,0.0344949816770837
iptw,RR,1.57980683339979,0.0987945466476948,1.30169704050278,1.9173352578974,3.67747898825315e-06
tmle,ATE,-0.00379806040299741,0.00156078955350266,-0.00685715171530896,-0.00073896909068585,0.0149568373038682
iptw,ATE,0.00594200725889036,0.00152685534307452,0.00294942577686175,0.00893458874091897,9.9559249552462e-05
tmle,RR,0.141778930533597,0.0684331452205869,0.123982759206025,0.162129519232976,3.15747903439886e-179
iptw,RR,0.129587737006029,0.0720541511106315,0.112520408767796,0.149243872878198,6.44848579623817e-177
tmle,ATE,-0.0114597148986265,0.000574491835656388,-0.0125856982059253,-0.0103337315913277,1.57358982051323e-88
iptw,ATE,-0.00812192862664856,0.000388174568233629,-0.00888273680010086,-0.00736112045319626,3.27939436678042e-97
tmle,RR,0.168779384810568,0.060464392712102,0.14991739085269,0.190014517828853,2.63268597335606e-190
iptw,RR,0.15316843544955,0.0621480071852861,0.135602843541932,0.173009422260442,3.25363794159312e-200
tmle,ATE,-0.0113231013240732,0.000508511783847876,-0.0123197661061293,-0.0103264365420172,7.69649728049556e-110
iptw,ATE,-0.00864835025941797,0.00040279475103779,-0.00943781346461381,-0.00785888705422212,2.91564156253228e-102
tmle,RR,0.132728150216223,0.0733802173490359,0.114948071006815,0.153258438401945,1.00114883733733e-166
iptw,RR,0.110174059464689,0.0739635945821458,0.0953062596757264,0.127361239652346,2.06612332930264e-195
tmle,ATE,-0.0119950757268019,0.000579879474942394,-0.013131618613063,-0.0108585328405409,4.6825232910742e-95
iptw,ATE,-0.00899818856787148,0.000398135128696333,-0.00977851908109651,-0.00821785805464645,4.25200932671927e-113
tmle,RR,0.56613430051089,0.197269955407775,0.384594419158181,0.833366347115744,0.00392675203464289
iptw,RR,1.72302994196866,0.0961105316174187,1.42719525008255,2.08018642210925,1.5046955858811e-08
tmle,ATE,-0.00584015526414256,0.00155678418649756,-0.00889139620137926,-0.00278891432690585,0.000175834089125
iptw,ATE,0.0070227271570467,0.0015206725221861,0.00404226378128225,0.0100031905328111,3.8713543865449e-06
tmle,RR,0.236505840873273,0.0567971421625992,0.211590446839175,0.264355095434384,3.71481867641538e-142
iptw,RR,0.195232078325133,0.0631525650762275,0.172502588659175,0.22095647783268,1.56733136596398e-147
tmle,ATE,-0.0104980762640556,0.000532635753353954,-0.0115420231575077,-0.00945412937060351,1.7811587604407e-86
iptw,ATE,-0.00803352992320493,0.00041081869688459,-0.0088387197732744,-0.00722834007313546,3.74535713786433e-85
tmle,RR,0.61484265309835,0.182094348061142,0.430293710186674,0.878542909458325,0.00756072273529376
iptw,RR,1.56659122766245,0.102944875543181,1.28035043508957,1.9168252748063,1.29702590089167e-05
tmle,ATE,-0.00522317999712355,0.00158677708850549,-0.00833320594208764,-0.00211315405215946,0.000995869361037572
iptw,ATE,0.00561705132638651,0.0015247849459556,0.00262852774814469,0.00860557490462834,0.000229753846221334
tmle,RR,0.693026432014043,0.158401546320696,0.508063690140916,0.945325644776745,0.020617230621386
iptw,RR,1.77262931128538,0.0944266533040865,1.473132507917,2.13301563731775,1.34001106941669e-09
tmle,ATE,-0.00427653848684826,0.00158422625418738,-0.00738156488841831,-0.00117151208527821,0.006945433313132
iptw,ATE,0.00746300818534752,0.00152132335998121,0.00448126919094488,0.0104447471797502,9.31408261518513e-07
tmle,RR,0.606787388458765,0.179545116530358,0.426783347504064,0.862711577070381,0.00539487831222328
iptw,RR,1.46770124954838,0.103454931602948,1.19833064730801,1.79762318752764,0.000208214019271243
tmle,ATE,-0.00547733116677824,0.00158154720366528,-0.00857710672581221,-0.00237755560774426,0.000533644855970155
iptw,ATE,0.00488065965640741,0.0015292465070552,0.00188339157909553,0.00787792773371929,0.00141513868575638
tmle,RR,0.222087415283003,0.0573419807809251,0.198478910424773,0.248504085000906,9.16664067048139e-152
iptw,RR,0.127559459434829,0.073900895908412,0.110359090708579,0.147440646591346,7.29438812986553e-171
tmle,ATE,-0.0105844462467496,0.000515932801493849,-0.0115956559561204,-0.0095732365373788,1.57634758966302e-93
iptw,ATE,-0.00849524076832096,0.000384552162860174,-0.00924894915770388,-0.00774153237893804,3.8357075158175e-108
tmle,RR,0.192936810304347,0.0653898834321133,0.169728637394718,0.219318397542111,1.02362230171069e-139
iptw,RR,0.135699579063955,0.0638574142010259,0.119735510720043,0.153792101001597,9.38791405673539e-215
tmle,ATE,-0.0113442526019816,0.0006558035870897,-0.0126296040136096,-0.0100589011903536,4.84918744968263e-67
iptw,ATE,-0.00841344095694649,0.000387009933134911,-0.00917196648755017,-0.00765491542634281,8.66515193011188e-105
tmle,RR,0.611046542866542,0.181122189386166,0.428452621291555,0.871456630195467,0.00653584826113913
iptw,RR,1.71223192850876,0.0966177570892857,1.41684195087226,2.06920621964923,2.60292880216596e-08
tmle,ATE,-0.00535253914251436,0.00159137713116604,-0.00847158100542048,-0.00223349727960825,0.000769709705521323
iptw,ATE,0.00693574702392924,0.00152394744077523,0.0039488649256778,0.00992262912218067,5.33478964859235e-06
tmle,RR,0.678166061371029,0.16575849450065,0.490051999485591,0.938490624011863,0.0191321856332716
iptw,RR,1.59406819261832,0.0990103091982603,1.31289250228946,1.93546188913889,2.48321410897047e-06
tmle,ATE,-0.00434627984334405,0.0015618683477498,-0.00740748555352674,-0.00128507413316136,0.00539013105629241
iptw,ATE,0.00603259280688465,0.00152799150325201,0.0030377844918275,0.0090274011219418,7.87890693907061e-05
tmle,RR,0.208327624569914,0.0584746528647292,0.185768958873859,0.233625679026457,1.60594175505348e-158
iptw,RR,0.147430180314479,0.0637213127921361,0.130120797662391,0.167042152046706,2.66820595086164e-198
tmle,ATE,-0.010890857907243,0.000535220532439109,-0.01193987087461,-0.00984184493987602,4.80108229882414e-92
iptw,ATE,-0.00859218216969278,0.000414080868496247,-0.00940376575863248,-0.00778059858075307,1.22565900744855e-95
tmle,RR,0.164204812207145,0.0585942469746425,0.146389648169667,0.184188026196587,9.44625183730627e-209
iptw,RR,0.206055615959673,0.0590468392235658,0.183537027973363,0.231337062266707,1.17668708255617e-157
tmle,ATE,-0.0114417532810537,0.000515395690808654,-0.0124519102728258,-0.0104315962892816,3.43911090703163e-109
iptw,ATE,-0.00794596073856355,0.000395916497951611,-0.00872194281543393,-0.00716997866169316,1.35577780528327e-89
tmle,RR,0.701588922344259,0.165239449571662,0.50749369227027,0.969917505288004,0.0319678460997655
iptw,RR,1.95424655337942,0.0915819567424495,1.63314464713654,2.33848214124297,2.55656036829381e-13
tmle,ATE,-0.00397262132641255,0.00160960374426806,-0.00712738669455877,-0.000817855958266337,0.0135842192843997
iptw,ATE,0.0088154837323762,0.00152060433575365,0.0058351539995636,0.0117958134651888,6.7368830879174e-09
tmle,RR,0.681869316067346,0.171092675135199,0.487603482413584,0.953532493026342,0.0252165383904549
iptw,RR,1.80612552570622,0.0956389919591541,1.49740704802092,2.17849209332824,6.35310037195577e-10
tmle,ATE,-0.00413528305971676,0.00155899406939511,-0.00719085528784271,-0.00107971083159081,0.00798903418115878
iptw,ATE,0.00760963844499675,0.00152499039886148,0.00462071218645886,0.0105985647035346,6.03923390831964e-07
tmle,RR,0.584126681245878,0.184075733479202,0.407212870151409,0.837900775622485,0.00349200862262235
iptw,RR,1.63502696179331,0.0998413612960919,1.34443496215484,1.98842877568902,8.46174423168417e-07
tmle,ATE,-0.00587376053257691,0.00160083922927053,-0.00901134776698601,-0.00273617329816782,0.000243333725229162
iptw,ATE,0.00630307002569331,0.00152901867197645,0.0033062484969302,0.00929989155445642,3.75112129340275e-05
tmle,RR,0.66345955608119,0.162571937177206,0.48242851517908,0.912422397735037,0.0116117668300483
iptw,RR,1.63949293750255,0.0968298641036883,1.35608783610359,1.98212609873702,3.29522298620404e-07
tmle,ATE,-0.00471284160841113,0.00155825124780773,-0.00776695793297888,-0.00165872528384337,0.00249091652973712
iptw,ATE,0.00645904066340686,0.0015205839226041,0.00347875093963218,0.00943933038718154,2.15940631715248e-05
tmle,RR,0.583573361551492,0.180289464425835,0.409857407858044,0.830917928487125,0.0028142074521943
iptw,RR,1.48452348691254,0.103926951250111,1.21094464703891,1.819909761015,0.000143735999579313
tmle,ATE,-0.00598650734841845,0.00158596111884487,-0.00909493402223524,-0.00287808067460165,0.000160208476746037
iptw,ATE,0.00501180664793978,0.0015293980176466,0.00201424161532549,0.00800937168055407,0.00104923817799393
tmle,RR,0.152500484924829,0.0697219392921885,0.133022100811572,0.174831082657843,3.09230595924557e-160
iptw,RR,0.112861199414842,0.0783204395534349,0.0968006296745593,0.131586440875234,9.43404043240444e-171
tmle,ATE,-0.0117937209601124,0.000610453725727388,-0.0129901882767664,-0.0105972536434584,3.67496761331711e-83
iptw,ATE,-0.00859173725581503,0.00038605071832905,-0.00934838275994578,-0.00783509175168427,9.98584571063281e-110
tmle,RR,0.227547585994552,0.0602094286150724,0.202218960682156,0.256048709365744,1.72110497487865e-133
iptw,RR,0.223376728968928,0.0578452331308453,0.199434356093076,0.250193417134062,4.85644173491356e-148
tmle,ATE,-0.0107412271088879,0.00058348156608057,-0.0118848299640489,-0.00959762425372699,1.11557730696553e-75
iptw,ATE,-0.00798977552437859,0.000416339523964886,-0.00880578599669031,-0.00717376505206686,4.44099786295229e-82
tmle,RR,0.640156574627067,0.173610222474679,0.455521543012393,0.899629109368182,0.0101928354058485
iptw,RR,1.77949888172226,0.0957858209962752,1.47490714927038,2.14699364066224,1.77810711588303e-09
tmle,ATE,-0.00493309377149503,0.00158882451750904,-0.00804713260356698,-0.00181905493942308,0.00190362593642319
iptw,ATE,0.00745426548299207,0.00152472320099557,0.00446586292264813,0.010442668043336,1.01385372676722e-06
tmle,RR,0.133250846311816,0.0633116573785686,0.117700686405356,0.150855433261153,2.12830518119387e-222
iptw,RR,0.0858303733011226,0.0758739101653923,0.0739702373064,0.0995921231196682,9.60518070853938e-230
tmle,ATE,-0.0115333871919876,0.000505910450942943,-0.0125249534552382,-0.010541820928737,4.87795123291213e-115
iptw,ATE,-0.00876113330521131,0.000387304455547392,-0.00952023608913609,-0.00800203052128653,2.70582711545674e-113
tmle,RR,0.642339561349243,0.17113002532631,0.459302203717336,0.898319469697691,0.00969390858605663
iptw,RR,1.58533278813146,0.0989721256194654,1.30579564490157,1.92471161849688,3.22726309482397e-06
tmle,ATE,-0.00492929885215608,0.0015665769047476,-0.00799973316447362,-0.00185886453983854,0.00165213954945275
iptw,ATE,0.00601304203085428,0.00153056412225266,0.00301319147520991,0.00901289258649865,8.54260814845371e-05
tmle,RR,0.572983167492217,0.190475475355794,0.39446533612059,0.832290394533041,0.00345864153771066
iptw,RR,1.61454525080266,0.0980418396691786,1.33228413487945,1.95660692688899,1.02793845154066e-06
tmle,ATE,-0.00594621214356984,0.00160371621162907,-0.00908943815978583,-0.00280298612735385,0.000209091769342944
iptw,ATE,0.00623124033398774,0.00152509985010823,0.00324209955494818,0.00922038111302731,4.39267712132314e-05
tmle,RR,0.785103801966575,0.15155007992438,0.583347604226891,1.05663925830169,0.110392463383366
iptw,RR,1.84739475426716,0.0954233669062358,1.53226961269096,2.22732823899063,1.25820198213819e-10
tmle,ATE,-0.0027628306846691,0.00155952176753564,-0.00581943718214519,0.000293775812806998,0.0764629054081503
iptw,ATE,0.007861411973182,0.00152660516854429,0.00486932082422249,0.0108535031221415,2.61037100600275e-07
tmle,RR,0.63925681928946,0.172015436258612,0.456305354241987,0.895561003633025,0.00928944289839005
iptw,RR,1.46741164072246,0.104360151635635,1.19597041850261,1.80046001975849,0.000238059255579828
tmle,ATE,-0.00492796940771864,0.00155036594690905,-0.00796663082651771,-0.00188930798891957,0.00147995994307672
iptw,ATE,0.00482226799847372,0.00152190926592947,0.00183938064951417,0.00780515534743327,0.0015319363997181
tmle,RR,0.603460805093172,0.181176949625117,0.423088254321188,0.860730449414091,0.00530771618855993
iptw,RR,1.61684522812347,0.0958250095125235,1.33999153007727,1.95089926542662,5.32803045876493e-07
tmle,ATE,-0.00550852119614927,0.00158388471816019,-0.00861287819940661,-0.00240416419289192,0.00050544348912693
iptw,ATE,0.00644949766430413,0.00153398165496755,0.00344294886762258,0.00945604646098569,2.61756634478104e-05
tmle,RR,0.735476153097019,0.159390581060999,0.538139768112151,1.00517598554742,0.053908118038454
iptw,RR,1.83056751830393,0.0942046201085366,1.52194386364594,2.20177466404174,1.37876323721426e-10
tmle,ATE,-0.00342885736239471,0.00155625697635612,-0.00647906498674191,-0.000378649738047508,0.0275755858851132
iptw,ATE,0.00785366862724474,0.00152302050012806,0.00486860329927755,0.0108387339552119,2.51420346165328e-07
tmle,RR,0.658333774245737,0.165321176585664,0.476128847876296,0.910264858442773,0.0114494595264537
iptw,RR,1.75547743684033,0.0903175623069433,1.47067531669471,2.09543261947273,4.64380917987005e-10
tmle,ATE,-0.00474751266952066,0.00156097351531099,-0.00780696454035109,-0.00168806079869023,0.00235496896100185
iptw,ATE,0.00776795385813014,0.00152380005356994,0.00478136063349285,0.0107545470827674,3.43711785071708e-07
tmle,RR,0.2247738972222,0.0570027881193178,0.201013402308065,0.251342966649688,3.86266186406797e-151
iptw,RR,0.25870073285994,0.0567482516509394,0.231469332702319,0.289135793502027,1.79657264744385e-125
tmle,ATE,-0.0109450614693382,0.000553213939256095,-0.0120293408660257,-0.00986078207265074,4.04889431886849e-87
iptw,ATE,-0.00762838003634585,0.000425246969333078,-0.00846184878077349,-0.00679491129191821,5.88094862486965e-72
tmle,RR,0.701763832228671,0.161373708145569,0.511480913574077,0.962836467900667,0.028188916671044
iptw,RR,1.77746887625911,0.0935858791333246,1.47959058853521,2.13531745237553,7.93994625520676e-10
tmle,ATE,-0.00398806798859451,0.0015554739591742,-0.00703674092746587,-0.000939395049723144,0.010350560265872
iptw,ATE,0.00757339195712951,0.00152016207634748,0.00459392903682482,0.0105528548774342,6.29423138080102e-07
tmle,RR,0.21234605899314,0.0595163589388639,0.188966051562019,0.238618780448611,1.96384866160508e-149
iptw,RR,0.233050668508423,0.0606016534523682,0.2069503342181,0.262442746456183,1.22757749610833e-127
tmle,ATE,-0.0107761695925243,0.000603872773351189,-0.0119597384795369,-0.00959260070551163,3.15541880389252e-71
iptw,ATE,-0.00734521585958013,0.000401327731738206,-0.00813180375978416,-0.00655862795937609,7.93451465551757e-75
tmle,RR,0.602629532880302,0.187771587908196,0.417079597538168,0.870726729485483,0.00699307198004662
iptw,RR,1.69475444706658,0.0995600083420329,1.39431580236195,2.05992977414908,1.16634920769286e-07
tmle,ATE,-0.00530005170189522,0.00156375452097541,-0.00836495424366869,-0.00223514916012174,0.000700682795596442
iptw,ATE,0.00665136407304159,0.00152414815786549,0.00366408857652217,0.00963863956956101,1.27712661734579e-05
tmle,RR,0.139203210741816,0.0679502785916372,0.121845605492952,0.159033506398812,3.83585874513627e-185
iptw,RR,0.106892099057276,0.0688766834160041,0.0933937182705425,0.122341427801085,3.56475741390224e-231
tmle,ATE,-0.0119753491716309,0.000599544286784451,-0.0131504343808652,-0.0108002639623966,9.25624592681316e-89
iptw,ATE,-0.00908012369207601,0.000411159864219234,-0.00988598221783409,-0.00827426516631794,4.48729531143988e-108
tmle,RR,0.60527029622885,0.175823432336156,0.428832986327539,0.854300259488768,0.00429565498380963
iptw,RR,1.60043694616687,0.0974380368606249,1.32220611443406,1.9372156811968,1.39010674421592e-06
tmle,ATE,-0.00564798384031719,0.0015981435107236,-0.00878028756346184,-0.00251568011717253,0.000409180907690363
iptw,ATE,0.00620334468481067,0.00152970358265649,0.00320518075578205,0.00920150861383929,5.00787171959654e-05
tmle,RR,0.631395033409231,0.166880657735421,0.455252236471213,0.875689686455942,0.00586197716918657
iptw,RR,1.48107355914348,0.104952701251218,1.20570407158662,1.81933439497085,0.000182324912337403
tmle,ATE,-0.00533857214018239,0.00159455120362253,-0.00846383507078754,-0.00221330920957724,0.000813943018396042
iptw,ATE,0.00493902602910756,0.0015337037182549,0.0019330219783728,0.00794503007984232,0.00128044876417009
tmle,RR,0.604950672533488,0.180600319150627,0.42461242028513,0.86188085584725,0.00538609486937565
iptw,RR,1.5765915852166,0.102316149455185,1.2901123716202,1.92668567580215,8.60328963091445e-06
tmle,ATE,-0.00548819462494032,0.00158788650228677,-0.00860039498095967,-0.00237599426892098,0.00054766782688827
iptw,ATE,0.00575180202332106,0.0015301317493015,0.00275279890308886,0.00875080514355326,0.00017057745199518
tmle,RR,0.671782224616475,0.166494292899261,0.484739386831467,0.930997912632101,0.0168760282790354
iptw,RR,1.8052488137006,0.0923672931899156,1.5063083577017,2.16351669477546,1.6043831129726e-10
tmle,ATE,-0.00447075487967481,0.00157581065902231,-0.00755928701781287,-0.00138222274153675,0.00455233186601543
iptw,ATE,0.00789447484254191,0.00152608163261093,0.0049034098051564,0.0108855398799274,2.30320924886043e-07
tmle,RR,0.621087018817072,0.171638680384159,0.443663133941545,0.869463914019735,0.00552148202774613
iptw,RR,1.63767852786696,0.0957785693018758,1.35738107203887,1.97585704993513,2.6019551308653e-07
tmle,ATE,-0.00543803547184629,0.00161064210973286,-0.00859483599890629,-0.00228123494478628,0.000734636990218381
iptw,ATE,0.00653848144387789,0.00152571191574182,0.00354814103824031,0.00952882184951546,1.82305517768074e-05
tmle,RR,0.651371011333703,0.166211784488924,0.470271542725333,0.902211075641672,0.00990597007165243
iptw,RR,1.57659205290198,0.0976326143071125,1.30200994397223,1.90908104256897,3.11559703357214e-06
tmle,ATE,-0.00486157112955356,0.00155790305710144,-0.00791500501287722,-0.0018081372462299,0.00180491326855596
iptw,ATE,0.0059870490036479,0.00152536599377322,0.00299738659261023,0.00897671141468556,8.67326956648724e-05
tmle,RR,0.185741353832201,0.0574393666075652,0.165964854379002,0.207874436141968,8.34030349015765e-189
iptw,RR,0.204957944961574,0.0596686500374851,0.18233696047729,0.230385321181787,1.8402704007453e-155
tmle,ATE,-0.0108023995064791,0.000500480839397046,-0.0117833239266497,-0.0098214750863085,2.53691106865122e-103
iptw,ATE,-0.00778539757858503,0.000385712575160512,-0.00854138033428383,-0.00702941482288623,1.34102066061406e-90
tmle,RR,0.20636408204755,0.0589459556516576,0.18384813200482,0.231637568981182,6.80995351212988e-158
iptw,RR,0.209708646808775,0.0600052774887757,0.186440282825734,0.235880979581401,2.1712918001389e-149
tmle,ATE,-0.0107353838220292,0.000544059654785975,-0.011801721150851,-0.00966904649320742,1.14553026564927e-86
iptw,ATE,-0.00770327733238447,0.000388393560100519,-0.00846451472200878,-0.00694203994276016,1.52436979160421e-87
tmle,RR,0.70765677635842,0.16326323050175,0.513869398790153,0.974524099518313,0.0341727024346908
iptw,RR,1.59658240765429,0.102880761464587,1.3050257369299,1.95327594873946,5.42491191497836e-06
tmle,ATE,-0.00390300969809249,0.00159887431749852,-0.00703674577619565,-0.000769273619989337,0.0146426603235853
iptw,ATE,0.00582064108750619,0.0015300706030843,0.00282175781165749,0.00881952436335491,0.000142283301330793
tmle,RR,0.651574550162823,0.161349665863329,0.474922809494267,0.89393346862404,0.00793374134806371
iptw,RR,1.76902471553606,0.0913281283331313,1.47909223407928,2.11578992308448,4.21306788660597e-10
tmle,ATE,-0.00503950774986309,0.0015816831311134,-0.0081395497217999,-0.00193946577792629,0.0014417098724787
iptw,ATE,0.00777339536474225,0.00152509655416196,0.00478426104563868,0.0107625296838458,3.45104342028212e-07
tmle,RR,0.131093280916979,0.0678486995019968,0.114769771005975,0.149738455962268,4.85428228914501e-197
iptw,RR,0.130965074991302,0.064544158508325,0.115402550872909,0.148626271583601,1.01383362772107e-217
tmle,ATE,-0.0119473285699729,0.00052045848693169,-0.0129674084598072,-0.0109272486801386,1.30164339164978e-116
iptw,ATE,-0.00902109871968201,0.000404697900431784,-0.00981429202914728,-0.00822790541021673,4.52341365181399e-110
tmle,RR,0.749972927111228,0.151094123253456,0.55774288066159,1.00845642481819,0.0568800570500818
iptw,RR,1.79765309156371,0.0921308484179458,1.50066573259933,2.15341535920271,1.94337368512066e-10
tmle,ATE,-0.00335708870282373,0.00155599188280034,-0.00640677675334905,-0.000307400652298401,0.0309649156229628
iptw,ATE,0.00780628298816523,0.00152009148912994,0.00482695841626468,0.0107856075600658,2.81539478014879e-07
tmle,RR,0.722200055933362,0.152606652195354,0.535498797429002,0.973994569725066,0.032955322716572
iptw,RR,1.78710733412153,0.0936732157930975,1.48735915607789,2.14726390100208,5.71397636989309e-10
tmle,ATE,-0.0038587396546825,0.00157989823212678,-0.00695528328888949,-0.000762196020475516,0.0145900679389588
iptw,ATE,0.00760640627590631,0.00152016379461625,0.00462693998785671,0.0105858725639559,5.62474216910343e-07
tmle,RR,0.680526348052932,0.166502363594978,0.49104113585081,0.943130985537159,0.0207991154069117
iptw,RR,1.7978103090287,0.0946307478325164,1.49346148780854,2.1641816234529,5.70009782696559e-10
tmle,ATE,-0.00426915942894914,0.00155611017936426,-0.00731907933647926,-0.00121923952141902,0.00607914806749916
iptw,ATE,0.00757941766684626,0.00151984949600866,0.00460056739274794,0.0105582679409446,6.13390498803314e-07
tmle,RR,0.158237559248384,0.0607687078742483,0.140469862581981,0.178252649334462,3.51631974438046e-202
iptw,RR,0.151970248865684,0.0649930045379057,0.133793935613118,0.172615869579319,9.1021647429208e-185
tmle,ATE,-0.0117291477129076,0.000574085169489198,-0.012854333969165,-0.0106039614566502,8.86243259570459e-93
iptw,ATE,-0.00839296433747315,0.000396140709869417,-0.00916938586162734,-0.00761654281331897,1.26331264475105e-99
tmle,RR,0.664687727587712,0.16844480155278,0.477790142358761,0.924694203661433,0.0153185815101782
iptw,RR,1.59830518891763,0.102582179330117,1.3071986782174,1.95423964198361,4.84484674936721e-06
tmle,ATE,-0.00453718591256262,0.00156317966352416,-0.00760096175443542,-0.00147341007068983,0.0037015411107874
iptw,ATE,0.0058557752804197,0.00152549132274085,0.00286586722911927,0.00884568333172013,0.000123729796915619
tmle,RR,0.157762559697326,0.0626328853489543,0.139537434991172,0.178368086268943,4.62577063707715e-191
iptw,RR,0.129235261063517,0.0673830145010873,0.113246424369611,0.147481501470145,1.56731768521595e-202
tmle,ATE,-0.0116807151186631,0.000580597676908505,-0.0128186656549114,-0.0105427645824148,5.08916489784231e-90
iptw,ATE,-0.0086538990617085,0.00039983127055294,-0.00943755395188515,-0.00787024417153185,6.94133792007558e-104
tmle,RR,0.0978240315993507,0.0690621640987586,0.0854397043089909,0.112003444250494,2.27836790799176e-248
iptw,RR,0.0650519877037274,0.0735673455598061,0.0563170546231773,0.0751417333971211,5.52666753776774e-302
tmle,ATE,-0.0118867997468815,0.000493620337779667,-0.0128542778309662,-0.0109193216627969,3.96767044998113e-128
iptw,ATE,-0.00934324709652992,0.000382081765410485,-0.010092113595884,-0.00859438059717589,4.61581555714072e-132
tmle,RR,0.645705905067081,0.174664143116331,0.458522202580829,0.909304093655093,0.0122694505626295
iptw,RR,1.80834138361494,0.0915563215029797,1.51128906158326,2.1637810018082,9.77152822716184e-11
tmle,ATE,-0.00474970447042974,0.0015588821142992,-0.00780505727059983,-0.00169435167025966,0.00231240988429002
iptw,ATE,0.00793890267551579,0.00152139904023486,0.00495701535054166,0.0109207900004899,1.80709933569533e-07
tmle,RR,0.756216670160123,0.154556534160896,0.558582707026391,1.02377614815964,0.0706174479708371
iptw,RR,1.77298200978934,0.0951690991683764,1.4712830944846,2.1365468133363,1.77328821936993e-09
tmle,ATE,-0.00318569448537404,0.00156203638678626,-0.00624722954601618,-0.000124159424731896,0.041405176379942
iptw,ATE,0.00752593398223708,0.0015320935799656,0.00452308574455947,0.0105287822199147,9.00649460686414e-07
tmle,RR,0.676420666496335,0.169746338325493,0.484985241507579,0.943420291803241,0.0212741064482136
iptw,RR,1.77661417186494,0.096641416415648,1.47004896048856,2.14711074291181,2.73396685342337e-09
tmle,ATE,-0.00431280667215052,0.00158825786710415,-0.00742573488983705,-0.001199878454464,0.00661893128136027
iptw,ATE,0.00740207902114029,0.0015297570508976,0.00440381029628478,0.0104003477459958,1.30672412882145e-06
tmle,RR,0.181233953997534,0.063412793748817,0.160052513096726,0.205218558872177,8.75994108989173e-160
iptw,RR,0.110518570816408,0.0670981079007441,0.0968994355311417,0.126051864268869,2.49550406110352e-236
tmle,ATE,-0.0109922437023633,0.000539981374719628,-0.0120505877491362,-0.00993389965559043,4.04882839855327e-92
iptw,ATE,-0.00874147101450103,0.000429234972558543,-0.00958275610162081,-0.00790018592738125,3.40217954535895e-92
tmle,RR,0.234440564215408,0.0552669820952836,0.210372717718173,0.261261910507186,7.8800187206034e-152
iptw,RR,0.177081666151934,0.0640559268222117,0.156188515017712,0.200769669162863,7.41196186001068e-161
tmle,ATE,-0.0104920821029398,0.000518802964904486,-0.0115089172292252,-0.00947524697665443,6.06449767281129e-91
iptw,ATE,-0.00820609110100548,0.00040099408695621,-0.00899202506945317,-0.00742015713255778,4.47433124997851e-93
tmle,RR,0.66213014603362,0.172929221679719,0.471786751330209,0.929267998837148,0.0171175623942006
iptw,RR,1.73593878060951,0.0954798909083156,1.43966608828347,2.09318221395147,7.62289385408016e-09
tmle,ATE,-0.00447086320307638,0.00155913662561923,-0.00752671483626738,-0.00141501156988538,0.00413696159873815
iptw,ATE,0.00715019219795537,0.00152209205335649,0.00416694659222202,0.0101334378036887,2.63225674938122e-06
tmle,RR,0.249535397755232,0.0551070103866317,0.223988122130348,0.277996503299518,5.13447031373252e-140
iptw,RR,0.237219010485875,0.0569398506882459,0.212169132765459,0.265226417256952,7.13409619254577e-141
tmle,ATE,-0.0106391833208938,0.000535428059799552,-0.0116886030344131,-0.0095897636073745,7.33784091888729e-88
iptw,ATE,-0.00804918796081087,0.000417981948628705,-0.008868417526311,-0.00722995839531074,1.226968571193e-82
tmle,RR,0.64753327456924,0.172580987225126,0.461701076989858,0.908161931109319,0.0117972515581377
iptw,RR,1.67351847792144,0.0983535461784181,1.38010402233176,2.02931376956108,1.64554296280327e-07
tmle,ATE,-0.00481443817914186,0.0015919898233025,-0.00793468089656904,-0.00169419546171468,0.00249321313563489
iptw,ATE,0.00658721942907788,0.0015240780151133,0.00360008140982653,0.00957435744832923,1.54550261412166e-05
tmle,RR,0.658112806871934,0.164757660976765,0.476495021011113,0.908954863053552,0.0111055657480629
iptw,RR,1.57369812477143,0.0998254319066159,1.29404644982066,1.91378430677843,5.56668368938521e-06
tmle,ATE,-0.00476630345696828,0.00155983634450065,-0.00782352651396617,-0.0017090803999704,0.00224578265286085
iptw,ATE,0.00582854297154143,0.00152439069937407,0.00284079210240043,0.00881629384068244,0.00013155828835521
tmle,RR,0.20699713637505,0.0560289223093997,0.185469470578961,0.231023544380202,7.11168574272213e-174
iptw,RR,0.197157945724591,0.0590898519351766,0.175596926957629,0.221366377167411,3.10037606584803e-166
tmle,ATE,-0.0111450465740868,0.000537269523355953,-0.0121980754898555,-0.0100920176583182,1.39272106228571e-95
iptw,ATE,-0.00831856447838827,0.000415939687682917,-0.00913379128598763,-0.00750333767078892,5.56845038155741e-89
tmle,RR,0.228705830139692,0.0597852762887709,0.203417314405089,0.257138173772769,1.89080944785065e-134
iptw,RR,0.153871721544413,0.0653447396592874,0.135374625915895,0.174896192922824,1.98838907947227e-180
tmle,ATE,-0.0110033426043295,0.000618889982868291,-0.0122163446811439,-0.00979034052751502,1.02508456223338e-70
iptw,ATE,-0.00854271299813079,0.000396850146465641,-0.00932052499246289,-0.00776490100379869,8.83199537071901e-103
tmle,RR,0.673859323480302,0.164456181527263,0.488184387354056,0.930153441207868,0.0163844334723597
iptw,RR,1.63012594865099,0.0995347767290516,1.34121068637075,1.98127753936693,9.13496291081876e-07
tmle,ATE,-0.0044702522250331,0.00156559319919486,-0.00753875850989587,-0.00140174594017034,0.00429949861595431
iptw,ATE,0.00625354825128481,0.00152887753421417,0.00325700334745264,0.00925009315511699,4.30839300040563e-05
tmle,RR,0.656235378039905,0.162602350707929,0.477147077237697,0.902541149123807,0.00958120396175399
iptw,RR,1.5857062896694,0.0974883092992502,1.30990726097624,1.91957439431485,2.25540612652243e-06
tmle,ATE,-0.00490880492643312,0.0015833958275574,-0.00801220372171661,-0.00180540613114962,0.00193406018776386
iptw,ATE,0.00606907398869968,0.00152625434923616,0.00307767043294919,0.00906047754445018,6.99517211521301e-05
tmle,RR,0.151768433782335,0.0620870492440075,0.134379450295975,0.171407588303201,1.49728963555439e-202
iptw,RR,0.218870011070533,0.0582523959853329,0.195254805156196,0.245341371792074,5.99886665114666e-150
tmle,ATE,-0.0122881577420672,0.00059238974885376,-0.0134492203146313,-0.0111270951695031,1.40723380179125e-95
iptw,ATE,-0.00813919351317674,0.00041952390177356,-0.00896144525130664,-0.00731694177504685,7.5648662158206e-84
tmle,RR,0.177334936018015,0.0653890793568933,0.156003742571783,0.201582853168046,3.40055693010105e-154
iptw,RR,0.12678001835835,0.0664008730724534,0.111309000929516,0.144401377433273,2.1575489790475e-212
tmle,ATE,-0.0115303630847843,0.000617664805643484,-0.0127409638583635,-0.0103197623112051,9.07244751369104e-78
iptw,ATE,-0.00867504173780069,0.000410171518700284,-0.00947896314193734,-0.00787112033366404,2.77169225389818e-99
tmle,RR,0.633848991342067,0.177864141698265,0.447288334458681,0.898222718711368,0.0103639804250675
iptw,RR,1.49895767046638,0.105443106651896,1.2190907436067,1.8430737085269,0.000123661046551825
tmle,ATE,-0.0049646581049142,0.001596897060414,-0.00809451883034352,-0.00183479737948488,0.00187759462352413
iptw,ATE,0.00505578396516131,0.00153433242020846,0.00204854768124054,0.00806302024908207,0.000983854732171216
tmle,RR,0.649502758503068,0.171371696200333,0.46420428776882,0.908767636186041,0.0117956339531613
iptw,RR,1.62648833774427,0.0969685895767742,1.34496548840921,1.96693843493867,5.26767318084086e-07
tmle,ATE,-0.00477871126712271,0.00156615511815179,-0.00784831889290328,-0.00170910364134214,0.00227900208257354
iptw,ATE,0.00641160689082259,0.00153062248667231,0.00341164194301772,0.00941157183862745,2.80324115420694e-05
tmle,RR,0.658212398978735,0.170302489165004,0.471415998784139,0.919026005241123,0.0140574232996737
iptw,RR,1.70572229249285,0.0993155839300669,1.40401176525942,2.07226791904372,7.58695580130699e-08
tmle,ATE,-0.0046552708147535,0.00158786945114338,-0.0077674377511459,-0.0015431038783611,0.0033703434359209
iptw,ATE,0.00676351798665231,0.00152841433784895,0.00376788093101373,0.00975915504229089,9.63591475689585e-06
tmle,RR,0.606502252577075,0.179510939915125,0.426611373023849,0.862248420087248,0.0053427690063778
iptw,RR,1.48914060208373,0.106445434429923,1.20872968210551,1.83460352269294,0.000183379946048138
tmle,ATE,-0.0054944919856832,0.00158704439474203,-0.00860504184124375,-0.00238394213012266,0.000535996056237277
iptw,ATE,0.00490526336747607,0.00152902725250454,0.00190842502118695,0.0079021017137652,0.00133617753797277
tmle,RR,0.622136583692694,0.176479126136314,0.440216620602255,0.879235155272632,0.00716138197680998
iptw,RR,1.60132146653938,0.0988329422353791,1.31932494130721,1.94359278667101,1.8989662487459e-06
tmle,ATE,-0.00525919990040959,0.00160381690737843,-0.00840262327666772,-0.00211577652415146,0.0010411022594015
iptw,ATE,0.00615539969212543,0.00153338102831708,0.00315002810204695,0.00916077128220391,5.9631008313331e-05
tmle,RR,0.700711947902638,0.153031425016775,0.519133359602299,0.945801738323376,0.0201208152319632
iptw,RR,1.63304324625802,0.0998190962696347,1.34286241017717,1.98592962610153,8.95371747141227e-07
tmle,ATE,-0.00429733712725227,0.00160417638505151,-0.00744146506680289,-0.00115320918770165,0.00738769626425641
iptw,ATE,0.00629614265325507,0.00153213117683472,0.00329322072706805,0.00929906457944208,3.96685312166191e-05
tmle,RR,0.705952486455536,0.162107967985814,0.513793871458676,0.96997831390606,0.0317140356925124
iptw,RR,1.56595920272213,0.103983693245913,1.27723074222624,1.91995709429593,1.6093588621703e-05
tmle,ATE,-0.00392979722108035,0.00157927933931293,-0.00702512784766191,-0.00083446659449879,0.0128337938896125
iptw,ATE,0.0055847631439712,0.00153119633511324,0.00258367347388952,0.00858585281405287,0.000264989738272942
tmle,RR,0.166622921694216,0.0655478365695017,0.146534648133896,0.189465074557303,1.45356221851917e-164
iptw,RR,0.147303678427314,0.0677777762862713,0.128979605509124,0.168231043912462,1.13763885122983e-175
tmle,ATE,-0.0113195467893947,0.000579123778286485,-0.012454608537427,-0.0101844850413625,4.46261541084712e-85
iptw,ATE,-0.00837465298122554,0.000403034869586109,-0.00916458681012811,-0.00758471915232297,6.70701816994149e-96
tmle,RR,0.565415227007498,0.198449959462581,0.383218607459411,0.83423501027622,0.00406281835508023
iptw,RR,1.46280100910165,0.111979843272392,1.17454006547426,1.82180825935877,0.000682233650558794
tmle,ATE,-0.00580978479177018,0.00155418714081199,-0.00885593561299696,-0.00276363397054341,0.000185379276031125
iptw,ATE,0.00444402292552867,0.00152072582059453,0.00146345508680327,0.00742459076425406,0.00347452391907181
tmle,RR,0.197522283741256,0.0598695007462006,0.175652803940776,0.222114601640608,1.26886275564788e-161
iptw,RR,0.231020246887783,0.0587066465867841,0.205910671774738,0.259191784534987,1.71196085052015e-137
tmle,ATE,-0.0108003271467292,0.000565274710000124,-0.0119082452197008,-0.00969240907375768,2.23640563461345e-81
iptw,ATE,-0.00738122433120341,0.000392692832737094,-0.00815088814035512,-0.00661156052205169,8.0769597077632e-79
tmle,RR,0.211198871342819,0.0585545444108632,0.188299806796303,0.236882682013227,2.20886048128255e-155
iptw,RR,0.185043818462963,0.0651437975534243,0.162863618875548,0.210244712648313,6.8254172967543e-148
tmle,ATE,-0.0107477900248444,0.00052603475067234,-0.0117787991907787,-0.0097167808589101,8.73855423075758e-93
iptw,ATE,-0.0078834606908364,0.000392597757142417,-0.00865293815524674,-0.00711398322642607,1.09843003606187e-89
tmle,RR,0.722661936109986,0.152305106015444,0.536158059884911,0.974041636181568,0.0329533046306613
iptw,RR,1.80639289456762,0.0918005609134574,1.50893814432792,2.16248446088409,1.18309763073041e-10
tmle,ATE,-0.00385195288649925,0.00157710947318734,-0.00694303065362337,-0.000760875119375134,0.0145894403021585
iptw,ATE,0.00795380141655021,0.00152448773263828,0.00496586036570606,0.0109417424673944,1.81491240939358e-07
tmle,RR,0.694596811767554,0.16281342002017,0.504830692574428,0.955696113596581,0.0252021182657729
iptw,RR,1.61870652525395,0.100475346874149,1.32936226589705,1.97102842627445,1.6390610846588e-06
tmle,ATE,-0.00412384230257902,0.00157984384096216,-0.00722027933206229,-0.00102740527309576,0.00904668818589454
iptw,ATE,0.00614653668943308,0.00153148883377154,0.00314487373251561,0.00914819964635054,5.98405256957408e-05
tmle,RR,0.553329617432656,0.204636277699655,0.370507668769496,0.826362559633414,0.00382837920010951
iptw,RR,1.60274211807111,0.10087250023606,1.31522732133715,1.95310898379717,2.92013756116772e-06
tmle,ATE,-0.00594538371739477,0.00156573535765631,-0.00901416862772208,-0.00287659880706747,0.000146349736634181
iptw,ATE,0.00601101361867889,0.00153053403640569,0.00301122203021103,0.00901080520714675,8.5870447192779e-05
tmle,RR,0.199856881918437,0.0632322244899111,0.176561390481179,0.226225978065219,4.92360594455106e-143
iptw,RR,0.200899343131774,0.0617114562910552,0.178012143597651,0.226729172825437,4.08972742884197e-149
tmle,ATE,-0.0112640997179162,0.000605010437230037,-0.0124498983851579,-0.0100783010506745,2.29522381033196e-77
iptw,ATE,-0.00787340492048413,0.000399697066253181,-0.00865679677506669,-0.00709001306590157,2.22407899766536e-86
tmle,RR,0.639427083986132,0.174102998577271,0.454563213409755,0.899472248684682,0.0102141179754848
iptw,RR,1.68693357968503,0.0984237058023101,1.39097579597259,2.04586227201687,1.07911559439805e-07
tmle,ATE,-0.0049104772083097,0.00156736695500664,-0.00798245999068092,-0.00183849442593848,0.00173060835919679
iptw,ATE,0.0067187258019665,0.00153068118276989,0.00371864581192434,0.00971880579200865,1.13679600122025e-05
tmle,RR,0.610647742210389,0.186110701446819,0.424007012615366,0.879444570424853,0.00804384644962286
iptw,RR,1.54928126562033,0.105353856255494,1.26023896771353,1.90461690321875,3.24668940921807e-05
tmle,ATE,-0.00515663907927713,0.00155386532717428,-0.00820215915736427,-0.00211111900118999,0.000904737575352694
iptw,ATE,0.00531624266690297,0.00151805449091551,0.00234091053813929,0.00829157479566665,0.000461761534578736
tmle,RR,0.711927460205565,0.159107467249878,0.521198579083608,0.972452207152777,0.0327174936908804
iptw,RR,1.9014862581771,0.0902525088988112,1.59319933443397,2.26942725363422,1.07598221786267e-12
tmle,ATE,-0.00387993332986716,0.00157455799745223,-0.00696601029644304,-0.000793856363291279,0.013734197089704
iptw,ATE,0.00859453775774556,0.00151899255412877,0.00561736705886868,0.0115717084566225,1.53101399816782e-08
tmle,RR,0.619920647329784,0.179658346387616,0.435923859196613,0.881579663232999,0.00777893429505343
iptw,RR,1.57253637361073,0.102613948144968,1.28604317419573,1.92285196636208,1.02618105235014e-05
tmle,ATE,-0.00514983031221153,0.00156274004880164,-0.0082127445250611,-0.00208691609936196,0.000982868785407258
iptw,ATE,0.00570949178704358,0.00153036479489657,0.00271003190583828,0.00870895166824888,0.000190869334934588
tmle,RR,0.667743347988201,0.165093758874377,0.483149470564176,0.922863846382431,0.0144373228402973
iptw,RR,1.62313338190072,0.0987707559637853,1.33745872976032,1.96982674442042,9.39690144628506e-07
tmle,ATE,-0.00460320823396135,0.00158879847941868,-0.00771719603231397,-0.00148922043560873,0.00376402932889874
iptw,ATE,0.00622420460330903,0.00152384772498313,0.0032375179444188,0.00921089126219926,4.41657640443379e-05
tmle,RR,0.637410718989446,0.171520685569929,0.455429009280258,0.892109234158646,0.00865018067852351
iptw,RR,1.66350066920195,0.0954011560958679,1.37980390152879,2.00552736035123,9.57708307832607e-08
tmle,ATE,-0.005038594182847,0.00157847239381147,-0.00813234322530819,-0.0019448451403858,0.00141257154142438
iptw,ATE,0.00678558847363008,0.00152914285290635,0.0037885235547168,0.00978265339254335,9.10050054259962e-06
tmle,RR,0.232926491979299,0.056965171308889,0.20831955743789,0.260440024609588,2.70855116917934e-144
iptw,RR,0.212475127420206,0.0580532468302744,0.189623904622578,0.23808010842351,7.77930445752138e-157
tmle,ATE,-0.0104311805701712,0.000536049461219651,-0.0114818182080938,-0.00938054293224856,2.42787850402579e-84
iptw,ATE,-0.00778501376229759,0.000404536879386625,-0.0085778914763136,-0.00699213604828158,1.57692692627883e-82
tmle,RR,0.204317745937589,0.0562678243705292,0.182983036339853,0.22813995297074,3.00482610040593e-175
iptw,RR,0.244809670720615,0.0580602338964036,0.218477948460407,0.274314983734832,8.81130194236534e-130
tmle,ATE,-0.0108326998159485,0.000527792703871109,-0.0118671545068389,-0.00979824512505814,1.30001158578716e-93
iptw,ATE,-0.00762244813300987,0.000418518019021154,-0.00844272837717238,-0.00680216788884736,4.07385612009683e-74
tmle,RR,0.175950132280601,0.0716836924460374,0.152887622812844,0.202491532538632,8.59715791701517e-130
iptw,RR,0.137952852540719,0.0669580290909007,0.120986219784478,0.157298819303742,2.44655233479288e-192
tmle,ATE,-0.0116089843703679,0.000748832205879157,-0.0130766685243548,-0.0101413002163811,3.32178008226648e-54
iptw,ATE,-0.00852968039330448,0.000395651297227877,-0.00930514268630766,-0.00775421810030129,4.39892305696644e-103
tmle,RR,0.68956305765989,0.160525733916851,0.503424368908,0.944525612696658,0.0205856544138779
iptw,RR,1.60579020902619,0.100546681437362,1.31857037853023,1.9555741865509,2.47220355022835e-06
tmle,ATE,-0.00428208652820888,0.00158349653357764,-0.00738568270366508,-0.00117849035275267,0.00684696890343305
iptw,ATE,0.00600647833925854,0.00152376347892997,0.00301995679959835,0.00899299987891874,8.08486200172236e-05
tmle,RR,0.679765300756775,0.169963451349299,0.487175948951915,0.948488662272933,0.0231396103550294
iptw,RR,1.60807433743973,0.0996888170080629,1.32266799950209,1.95506587874332,1.88664081148434e-06
tmle,ATE,-0.00418144625188085,0.00154958228388334,-0.00721857171937351,-0.00114432078438818,0.00696664518166921
iptw,ATE,0.00605427410810708,0.00152108048315454,0.0030730111435374,0.00903553707267676,6.88440652134517e-05
tmle,RR,0.587181433104582,0.182137985968919,0.410900036497368,0.839089814451645,0.00346480411964026
iptw,RR,1.58181414745545,0.102137877649516,1.29483829847065,1.93239263933229,7.13105931982e-06
tmle,ATE,-0.00584661445770248,0.00158216264929192,-0.00894759626799912,-0.00274563264740583,0.000219600634918564
iptw,ATE,0.00577442677866758,0.00152699724587684,0.00278156717225712,0.00876728638507804,0.000155850667909612
