estimator,parameter,estimate,std.dev,ci.lb,ci.ub,pvalue
tmle,RR,0.252549699842421,0.0570076582774391,0.22585091271555,0.282404662985919,9.58111818727882e-129
iptw,RR,0.239765630448368,0.0556366980484969,0.214995260139983,0.267389883418236,2.64925103925786e-145
tmle,ATE,-0.0106992927608065,0.000601346207217626,-0.0118779096691928,-0.00952067585242016,8.1177154299109e-71
iptw,ATE,-0.00794528907481278,0.000421653610473911,-0.00877171496529292,-0.00711886318433263,3.34352959912958e-79
tmle,RR,0.156259663834501,0.0652867627155765,0.137491133536288,0.177590233738431,8.12566432604181e-178
iptw,RR,0.148999393364248,0.062670460160027,0.131776906403612,0.168472760734846,1.0675836639009e-202
tmle,ATE,-0.0114701160011432,0.000574515274191837,-0.0125961452471273,-0.010344086755159,1.11343276260348e-88
iptw,ATE,-0.00839300210632901,0.000396348504131862,-0.00916983089975378,-0.00761617331290423,1.5960171936206e-99
tmle,RR,0.697715385005854,0.162088160407874,0.507818603972041,0.958623324679672,0.0263734453868146
iptw,RR,1.68888184262207,0.0966619555894681,1.39739910511771,2.0411648096041,5.90535115586899e-08
tmle,ATE,-0.00407676121715755,0.001582119285125,-0.00717765803524881,-0.000975864399066285,0.0099727608860144
iptw,ATE,0.00684497098109422,0.00152546810533801,0.00385510843506718,0.00983483352712127,7.21896334328918e-06
tmle,RR,0.190477357476297,0.0640307515724228,0.168011992725354,0.215946630491206,7.14752326342073e-148
iptw,RR,0.17305670629359,0.063563688572315,0.152785775864397,0.19601709271527,1.22537121477201e-167
tmle,ATE,-0.0107816929818314,0.00059142032996478,-0.0119408555282872,-0.00962253043537565,2.97396844676109e-74
iptw,ATE,-0.00793951752316627,0.000399895235882523,-0.00872329778308516,-0.00715573726324737,1.01780786825004e-87
tmle,RR,0.614961345168943,0.183918478822253,0.428840827180102,0.881859729957965,0.00820440564490608
iptw,RR,1.68306274531593,0.0989697505013751,1.38629961493799,2.04335352484183,1.43784068381619e-07
tmle,ATE,-0.00514708472773448,0.00157076259618361,-0.00822572284451698,-0.00206844661095197,0.00104988377931619
iptw,ATE,0.0065858289472249,0.00152108449977966,0.00360455811021465,0.00956709978423515,1.49317340994184e-05
tmle,RR,0.692133357771086,0.157743408386997,0.508063912338962,0.942890398836031,0.0196610397544274
iptw,RR,1.75418589345593,0.0930501747859294,1.46174346820089,2.10513555609532,1.54300998323828e-09
tmle,ATE,-0.00430908372257716,0.00158384755527493,-0.00741336788791784,-0.00120479955723648,0.00651550894280085
iptw,ATE,0.00754288287606692,0.00152712153549179,0.0045497796664875,0.0105359860856463,7.84110214107945e-07
tmle,RR,0.198942590046675,0.0616119939343728,0.176312678602106,0.224477073618724,2.14333256691812e-151
iptw,RR,0.20368337242754,0.0598312581975108,0.181145319795543,0.229025603588775,7.83733673422472e-156
tmle,ATE,-0.0110358923604583,0.000613410101226728,-0.0122381540666158,-0.00983363065430085,2.2897404159516e-72
iptw,ATE,-0.00783475505511161,0.00040032693589061,-0.00861938143149848,-0.00705012867872473,2.73848753528523e-85
tmle,RR,0.62984920728542,0.174818534454193,0.447126881631723,0.887242615497279,0.00818570358766688
iptw,RR,1.52974727277967,0.106507103088573,1.24153988811553,1.88485826430337,6.57101665451533e-05
tmle,ATE,-0.00509495369213438,0.00156794081401043,-0.00816806121748525,-0.00202184616678351,0.00115626221778092
iptw,ATE,0.005190332329699,0.00152979069177753,0.00219199766993044,0.00818866698946757,0.000691724780709597
tmle,RR,0.124830964031588,0.0642990810927689,0.11005020284825,0.141596918295033,9.65596943035938e-230
iptw,RR,0.127615527739823,0.06615879334163,0.112095725929273,0.145284066678769,1.37250379674428e-212
tmle,ATE,-0.0125949530507658,0.000657449959461625,-0.0138835312929479,-0.0113063748085837,8.41575744548475e-82
iptw,ATE,-0.00893675906956516,0.000412792567682895,-0.00974581763530945,-0.00812770050382087,6.14226431944657e-104
tmle,RR,0.182494806432988,0.0616656174865826,0.161718848652382,0.205939843453882,1.69353990887442e-167
iptw,RR,0.141687348945094,0.065770832967632,0.124550891357232,0.161181543000841,5.49828212701786e-194
tmle,ATE,-0.0105587882775623,0.000492906459121443,-0.0115248671851875,-0.00959270936993707,8.42596775449859e-102
iptw,ATE,-0.00818852786763054,0.000380900164121834,-0.00893507847101473,-0.00744197726424635,1.631314478861e-102
tmle,RR,0.684624421478795,0.162162526475076,0.498217977235225,0.940774158905713,0.0194677216758261
iptw,RR,1.76999768373554,0.0963487923238084,1.46541440833582,2.13788794665055,3.10102830714777e-09
tmle,ATE,-0.00433360770481395,0.00157789296906598,-0.00742622109564224,-0.00124099431398565,0.00602436537522786
iptw,ATE,0.0072934376557285,0.00152072782958974,0.00431286587944485,0.0102740094320122,1.61850949214375e-06
tmle,RR,0.653988833448459,0.172301240414001,0.466559730323893,0.916713051892325,0.013714103757983
iptw,RR,1.75008073494925,0.0972143700835584,1.44646877264474,2.11742046338164,8.56282083638055e-09
tmle,ATE,-0.00468229312632043,0.00158471803600492,-0.00778828340254111,-0.00157630285009975,0.00313020114989321
iptw,ATE,0.00713982385600735,0.00152478930458438,0.00415129173501009,0.0101283559770046,2.83399058692416e-06
tmle,RR,0.212223359034581,0.0580787037989522,0.189389763572338,0.237809865065479,6.16235581837838e-157
iptw,RR,0.152883635704651,0.064083295924384,0.134838279275746,0.173343995427838,8.48835802150306e-189
tmle,ATE,-0.0106229990680298,0.000523807687665711,-0.0116496432706798,-0.00959635486537978,1.91793045843591e-91
iptw,ATE,-0.00819948401738094,0.00039639838831773,-0.00897641058201341,-0.00742255745274846,4.73185883459648e-95
tmle,RR,0.583236665154338,0.181623574232238,0.408551257342861,0.832612803085519,0.00299189282485711
iptw,RR,1.52382051790384,0.100670055569882,1.25095967491675,1.85619809922272,2.86209206792258e-05
tmle,ATE,-0.00591381437605128,0.00156326589131954,-0.00897775922129748,-0.00284986953080508,0.000154957577725488
iptw,ATE,0.00546821851861992,0.00152809793539598,0.00247320160039379,0.00846323543684605,0.000345641035204661
tmle,RR,0.184033243918388,0.0631386425638105,0.162611992547916,0.208276365946042,2.58680609787848e-158
iptw,RR,0.0991625963435949,0.0781436830396739,0.0850808589287449,0.115575002855085,3.26076670987262e-192
tmle,ATE,-0.0118598218501928,0.000602017683546405,-0.013039754828,-0.0106798888723856,2.15100861983804e-86
iptw,ATE,-0.00951418144859776,0.000419590306234248,-0.010336563337079,-0.00869179956011651,7.92050216395912e-114
tmle,RR,0.576995153146689,0.187676294438699,0.399412648218511,0.833532458823477,0.00338788433421991
iptw,RR,1.45232202863732,0.107435825397234,1.17655811701449,1.79272000623088,0.000513978728407264
tmle,ATE,-0.00591020872109726,0.00158399146990696,-0.00901477495393357,-0.00280564248826096,0.000190560421192143
iptw,ATE,0.00460617933703772,0.0015307099230659,0.00160604301705048,0.00760631565702496,0.00261955191162145
tmle,RR,0.639041820840293,0.173680616852442,0.454665573640935,0.89818643077073,0.00993131649856562
iptw,RR,1.6781168997974,0.100539760143448,1.37797904116544,2.04362783849305,2.61975445369534e-07
tmle,ATE,-0.00497523868787193,0.00160302608434105,-0.00811711207945865,-0.00183336529628521,0.00191146578359622
iptw,ATE,0.00643376908732563,0.00152050444887772,0.00345363512919239,0.00941390304545888,2.32304711959566e-05
tmle,RR,0.556924458610627,0.199784566747451,0.376477789457048,0.823859630726307,0.00339197460235974
iptw,RR,1.59110338805143,0.103072418006389,1.30005881170103,1.94730420553538,6.61111724237445e-06
tmle,ATE,-0.00598516861731283,0.0015595288778245,-0.00904178905069901,-0.00292854818392665,0.000124138708724023
iptw,ATE,0.00575711289859972,0.00152278891048653,0.00277250147798913,0.00874172431921031,0.00015642728167507
tmle,RR,0.13691882827709,0.069264753449858,0.119537703700532,0.156827218161526,3.1411215662149e-181
iptw,RR,0.109117004244378,0.066930013523033,0.0957021078633014,0.124412313177831,3.0446816757046e-240
tmle,ATE,-0.0125266937705872,0.000638659020781066,-0.0137784424497197,-0.0112749450914547,1.17294408508177e-85
iptw,ATE,-0.00910809261029787,0.000411743263379684,-0.00991509457739904,-0.0083010906431967,1.99337806270578e-108
tmle,RR,0.134479209378278,0.0719592807845133,0.116789364780792,0.154848498311048,4.45023250647634e-171
iptw,RR,0.162393470903595,0.0619688431833414,0.143820432128906,0.183365040709097,3.9353934630882e-189
tmle,ATE,-0.0126573364503259,0.000748911416526038,-0.0141251758543278,-0.0111894970463239,4.42495151945176e-64
iptw,ATE,-0.00875432198684263,0.000418317905696684,-0.00957421001609635,-0.0079344339575889,3.01259833705829e-97
tmle,RR,0.229162465305202,0.0619202869861546,0.202972332182563,0.258731990414944,3.86407031181266e-125
iptw,RR,0.249706061345273,0.0572993034964728,0.22318028557054,0.279384520515194,1.56733307788984e-129
tmle,ATE,-0.0106523192908072,0.000632088131407175,-0.0118911892634204,-0.00941344931819387,1.00426458957446e-63
iptw,ATE,-0.00725186774097016,0.000399779887225222,-0.00803542192167508,-0.00646831356026525,1.5501158961225e-73
tmle,RR,0.235224696532554,0.0582430073565003,0.209848746407426,0.263669232273643,2.72736128227374e-136
iptw,RR,0.265106275395118,0.0590040584419895,0.236154193822307,0.29760783036,4.0983351568963e-112
tmle,ATE,-0.0100738031832022,0.00051816807773954,-0.0110893939535101,-0.00905821241289436,3.46056644164775e-84
iptw,ATE,-0.00681052400496571,0.000390592328595667,-0.00757607090165085,-0.00604497710828057,4.36733615991981e-68
tmle,RR,0.61803216168552,0.178628024884505,0.43547439595271,0.877121034962422,0.00706109773352261
iptw,RR,1.69719178382459,0.0973410183631148,1.40240708000828,2.05393996660704,5.50287677128752e-08
tmle,ATE,-0.00527097844947546,0.00159259298702153,-0.00839240334606873,-0.0021495535528822,0.000934015793436767
iptw,ATE,0.00680860350863696,0.00152451990884435,0.00382059939358774,0.00979660762368618,7.9671778567796e-06
tmle,RR,0.172337644607728,0.0645851177155982,0.151846645130264,0.195593809290029,3.32847340732039e-163
iptw,RR,0.152941796507935,0.0656164329531567,0.134484854755507,0.173931801923715,4.21544225697107e-180
tmle,ATE,-0.0112626920461403,0.000530305693021331,-0.0123020721052587,-0.010223311987022,4.2461017894797e-100
iptw,ATE,-0.00868120630903156,0.00042046422802525,-0.00950530105274848,-0.00785711156531463,1.04481357308431e-94
tmle,RR,0.640907918414931,0.168953342328798,0.460237806959604,0.892501558271619,0.00846117325799607
iptw,RR,1.71111316875457,0.0933397521596615,1.42504242049038,2.05461131134451,8.67855394023652e-09
tmle,ATE,-0.00506568520704777,0.00159473884965158,-0.00819131591711171,-0.00194005449698383,0.00149064675390522
iptw,ATE,0.00719826189575135,0.00152725322725739,0.0042049005750543,0.0101916232164484,2.4384724398938e-06
tmle,RR,0.189714520371462,0.0587585346309807,0.169077266086155,0.212870719245211,4.68624568156496e-176
iptw,RR,0.180250019143299,0.0591492419138553,0.160519350393968,0.202405936240199,1.68565631276618e-184
tmle,ATE,-0.0115168461802711,0.000588647866802789,-0.0126705747987808,-0.0103631175617613,3.07909342318938e-85
iptw,ATE,-0.00808563380065612,0.000385195211265238,-0.00884060254175329,-0.00733066505955896,7.92557979270513e-98
tmle,RR,0.641520521804078,0.171131075678614,0.458715608595733,0.897175880183477,0.0094866334086598
iptw,RR,1.62084225636818,0.096928297126541,1.34040251612586,1.95995575092012,6.2765697441926e-07
tmle,ATE,-0.00495511721148884,0.00157697235818661,-0.0080459262381498,-0.00186430818482788,0.00167699917671927
iptw,ATE,0.00635301607322109,0.00152531024752878,0.00336346292281482,0.00934256922362737,3.11264097268608e-05
tmle,RR,0.574504901126075,0.183911280458022,0.400634340538539,0.823833226513271,0.00258114208025468
iptw,RR,1.46660263466309,0.104130420785596,1.19584938901802,1.79865734577742,0.000235451566495878
tmle,ATE,-0.00605420059289261,0.00156223186622523,-0.00911611878619484,-0.00299228239959037,0.000106470059342481
iptw,ATE,0.0048468791783691,0.00152653335846102,0.00185492877458652,0.00783882958215168,0.00149790583453867
tmle,RR,0.575769540142732,0.197820513552615,0.390718126043158,0.848464765925793,0.00526023313372146
iptw,RR,1.69157801003456,0.0983707495913083,1.39495017905135,2.05128197910153,9.10781963713478e-08
tmle,ATE,-0.00561698001190085,0.00156266074191278,-0.00867973878610453,-0.00255422123769716,0.000325018360327675
iptw,ATE,0.00670898276621073,0.00152605052347502,0.00371797870161119,0.00969998683081027,1.10109447120493e-05
tmle,RR,0.686786595533306,0.164045442603592,0.497950389320365,0.947234579830336,0.0219974385001963
iptw,RR,1.61007680541207,0.102058905112859,1.31817750527256,1.96661474570522,3.06023330583452e-06
tmle,ATE,-0.00421640853986816,0.00156088709862905,-0.00727569103711432,-0.001157126042622,0.00690711064189732
iptw,ATE,0.00596551876994185,0.00152709379851514,0.00297246992383771,0.00895856761604598,9.36612010767231e-05
tmle,RR,0.684007579786693,0.162808078794841,0.497139677714354,0.941116531588684,0.0196626463500489
iptw,RR,1.70552302243096,0.0967022963251405,1.41105662573537,2.06144014846044,3.37503720893085e-08
tmle,ATE,-0.00432113710675748,0.00157719011803241,-0.00741237293487348,-0.00122990127864148,0.00614823185196783
iptw,ATE,0.00690384242082849,0.00152352714688229,0.00391778408347014,0.00988990075818684,5.85701312301052e-06
tmle,RR,0.26765041992369,0.0590522709924784,0.238397965556678,0.300492276089899,2.33897773788523e-110
iptw,RR,0.282197522077801,0.0569943545497223,0.252371037687304,0.315549051098019,3.60853491962249e-109
tmle,ATE,-0.00994893855039379,0.000605308327670381,-0.0111353210721699,-0.00876255602861767,1.05405792067958e-60
iptw,ATE,-0.00693558794940218,0.000409017174283511,-0.0077372468800562,-0.00613392901874815,1.71675940898379e-64
tmle,RR,0.25663621803003,0.0585474678530562,0.228813819984704,0.287841654010059,2.23219441001543e-119
iptw,RR,0.228846245592266,0.0590039275904044,0.203854150252249,0.256902319903089,7.22361313110956e-138
tmle,ATE,-0.0101712330845217,0.000581339533951221,-0.0113106376338554,-0.009031828535188,1.53150909829765e-68
iptw,ATE,-0.00740941060461815,0.000375132295822722,-0.00814465639386851,-0.0066741648153678,7.79316859310333e-87
tmle,RR,0.170271053090896,0.0636587664588175,0.150298408470354,0.192897794565812,3.26442728550568e-170
iptw,RR,0.142108929518896,0.0673300744205089,0.124540299198545,0.162155928474296,1.20866502015068e-184
tmle,ATE,-0.0113459611013163,0.000562831457428147,-0.0124490904872416,-0.0102428317153909,2.25649286542832e-90
iptw,ATE,-0.0084426087437093,0.000393769780461056,-0.00921438333161321,-0.00767083415580538,5.60461458286424e-102
tmle,RR,0.180600213494914,0.0642109474377491,0.159243532078117,0.204821110714929,1.61459056205469e-156
iptw,RR,0.111745381084785,0.070458787130995,0.0973318442706277,0.128293368808095,2.14322253042888e-212
tmle,ATE,-0.0109889580749496,0.000594010437035299,-0.0121531971379797,-0.00982471901191951,2.07995150941911e-76
iptw,ATE,-0.00832300825651694,0.000382903912923966,-0.00907348613538737,-0.0075725303776465,9.26127571665791e-105
tmle,RR,0.142598851648994,0.0679053040513325,0.124828838216666,0.162898515936817,6.23848859751059e-181
iptw,RR,0.0722241248658862,0.0811028071425668,0.0616094672872693,0.0846675753309263,2.48337649152144e-230
tmle,ATE,-0.01167834298911,0.000514097927820948,-0.0126859564121657,-0.0106707295660543,3.09999710052123e-114
iptw,ATE,-0.0090848699198136,0.000386352867153295,-0.00984210762475784,-0.00832763221486935,2.90320577489597e-122
tmle,RR,0.200137164448561,0.0635930932517122,0.176683992051087,0.226703529439887,3.3949246796284e-141
iptw,RR,0.238312114215954,0.0593263111707952,0.212152166894605,0.26769777850203,4.14324172180263e-129
tmle,ATE,-0.0109080143109814,0.000609419014261558,-0.0121024536304279,-0.0097135749915348,1.19975681849455e-71
iptw,ATE,-0.00731792766439164,0.000401777155466306,-0.00810539641891655,-0.00653045890986674,4.00406282515707e-74
tmle,RR,0.579034055759692,0.184947159278945,0.402973790096926,0.832015495719643,0.00313353989020459
iptw,RR,1.61028689758296,0.102126797842898,1.31817409118212,1.96713310470391,3.08751556396928e-06
tmle,ATE,-0.00594848341631523,0.00158420369543236,-0.00905346560353791,-0.00284350122909255,0.000173429510182112
iptw,ATE,0.00590469386245548,0.00152008712919366,0.00292537783587302,0.00888400988903794,0.000102564180146585
tmle,RR,0.623871711945007,0.174759355893722,0.442934858912253,0.878720437404766,0.00693868838963542
iptw,RR,1.61237892421893,0.0988764669311556,1.32832183457968,1.9571806527505,1.35583757809769e-06
tmle,ATE,-0.0052049631379893,0.00155972712388634,-0.00826197212651677,-0.00214795414946182,0.000846579214424372
iptw,ATE,0.00615661790155097,0.001525199721975,0.00316728137724948,0.00914595442585247,5.42319150336096e-05
tmle,RR,0.272095750400635,0.0534380565893709,0.245038995102454,0.302140062870929,4.86387998607254e-131
iptw,RR,0.218423183423668,0.0574673676781235,0.195156230240233,0.244464073722889,1.99526350716526e-154
tmle,ATE,-0.00991559261854171,0.000526330985825194,-0.0109471823947066,-0.00888400284237687,3.61175388038474e-79
iptw,ATE,-0.00830109587004167,0.000427137308319019,-0.00913826961080033,-0.00746392212928301,3.96114188224806e-84
tmle,RR,0.557092724969675,0.189917605626534,0.383945275660851,0.808324320907337,0.00206717685262355
iptw,RR,1.44380351175199,0.107169237844923,1.17026838640252,1.78127394089101,0.000610037864914794
tmle,ATE,-0.00636913731925588,0.00161352591142979,-0.00953158999378043,-0.00320668464473133,7.90238967067877e-05
iptw,ATE,0.00456005600824426,0.00153317236889839,0.00155509338311146,0.00756501863337706,0.00293694382163444
tmle,RR,0.656103398142736,0.168073721321928,0.471962699087116,0.912088327927347,0.0121604902913101
iptw,RR,1.8334128325756,0.091176870257594,1.53338204672452,2.19214945279502,2.96321307911138e-11
tmle,ATE,-0.00471652469332987,0.00155848258098766,-0.00777109442259871,-0.00166195496406102,0.00247519856433613
iptw,ATE,0.00809520263223358,0.00151844588567915,0.00511910338382942,0.0110713018806377,9.75432745958994e-08
tmle,RR,0.236315683480919,0.0582754041614259,0.210808652050367,0.26490896704615,2.76329907432113e-135
iptw,RR,0.216799652955752,0.0580935548996164,0.193468052111102,0.242944966927889,1.26288736394497e-152
tmle,ATE,-0.0108977954713785,0.000591794281900375,-0.0120576909501599,-0.00973789999259699,9.98888914513068e-76
iptw,ATE,-0.00819079469555288,0.000414085410487614,-0.00900238718663209,-0.00737920220447367,4.38779910766747e-87
tmle,RR,0.209357435804662,0.0613586885516343,0.185634964823419,0.236111424205003,2.90788648593471e-143
iptw,RR,0.212819929316972,0.0585439515260101,0.189749042354713,0.238695920424265,6.21799596364362e-154
tmle,ATE,-0.0102641604818104,0.000508444884372862,-0.0112606941433048,-0.00926762682031593,1.26439937710203e-90
iptw,ATE,-0.00779832562891813,0.000403213097266302,-0.00858860877765493,-0.00700804248018133,2.45291012479265e-83
tmle,RR,0.238482380619569,0.058103044479599,0.212813364206617,0.267247529674684,2.19104880337525e-134
iptw,RR,0.245247624498147,0.0571612344918273,0.219254784128464,0.274321938109883,1.69295666092354e-133
tmle,ATE,-0.0105633669571934,0.000599671218103337,-0.0117387009472412,-0.0093880329671456,1.88108770810739e-69
iptw,ATE,-0.00768475341438311,0.000424300065226762,-0.00851636626086556,-0.00685314056790066,2.58131720827123e-73
tmle,RR,0.603659171207789,0.18297332523493,0.421739837452082,0.864050209685676,0.00580540927660484
iptw,RR,1.71850539826124,0.0938551347442496,1.42975381871022,2.06557294354154,7.97196841328834e-09
tmle,ATE,-0.00541677104464243,0.00156372472255146,-0.00848161518257818,-0.00235192690670668,0.0005321703193134
iptw,ATE,0.00722703616709218,0.00152407263702333,0.00423990868870347,0.0102141636454809,2.11698352678766e-06
tmle,RR,0.5432167035249,0.194797326857132,0.370818446789299,0.795765123184734,0.00173190120983153
iptw,RR,1.41487984442637,0.106703877607342,1.14787092254543,1.74399833190718,0.0011443138186039
tmle,ATE,-0.00649141898582803,0.00156617580428758,-0.00956106715568975,-0.00342177081596631,3.40173436690294e-05
iptw,ATE,0.00434636029630965,0.00152895583887266,0.00134966191816701,0.00734305867445229,0.00447333812973131
tmle,RR,0.1809164632558,0.0580899020730194,0.161447704620672,0.202732932957389,2.12072569606455e-190
iptw,RR,0.218261786422797,0.0571848009761545,0.195120057210301,0.244148182885812,4.37157759961223e-156
tmle,ATE,-0.0115541478898624,0.000588446047001833,-0.0127074809488309,-0.0104008148308938,7.76554660970463e-86
iptw,ATE,-0.00791315719320549,0.000402771419423771,-0.00870257466927816,-0.00712373971713282,6.16116519507571e-86
tmle,RR,0.711319494105054,0.160809465425588,0.519019226138219,0.974868361734107,0.0341544580357068
iptw,RR,1.77809303440269,0.0935474690074743,1.48022157725897,2.13590646668315,7.63190282918583e-10
tmle,ATE,-0.00382136640008332,0.00155258328582035,-0.00686437372329005,-0.000778359076876581,0.0138436256971611
iptw,ATE,0.00755430884268975,0.00151915911539867,0.00457681168972264,0.0105318059956569,6.6029866797165e-07
tmle,RR,0.600674824489121,0.193306294997096,0.411241385401913,0.877368517816879,0.00837029958483868
iptw,RR,1.53430146062535,0.107008663147248,1.24401254310474,1.89232896816451,6.32411320033728e-05
tmle,ATE,-0.00517283740823175,0.0015546540710167,-0.00821990339584306,-0.00212577142062043,0.000876844383288042
iptw,ATE,0.00516641778919748,0.00152150778151939,0.00218431733522205,0.00814851824317292,0.000684806613893511
tmle,RR,0.616420236305924,0.168490709709841,0.443054687263759,0.857623039887277,0.00408488330322021
iptw,RR,1.5510444563691,0.0963547143618905,1.28412400400164,1.87344750050341,5.23007519809153e-06
tmle,ATE,-0.00564269733017773,0.00160216643594121,-0.00878288584186139,-0.00250250881849406,0.000428438136179739
iptw,ATE,0.00592762704679675,0.00153314529856726,0.00292271747853801,0.00893253661505549,0.000110490913905399
tmle,RR,0.176362732619436,0.0642512731463305,0.155494859562257,0.200031136363972,1.23426340885948e-160
iptw,RR,0.116912148986522,0.0664908404331615,0.102627213549909,0.133185439883346,1.32981400338574e-228
tmle,ATE,-0.0116049725064347,0.000585205908027204,-0.0127519550097081,-0.0104579900031614,1.62159526492011e-87
iptw,ATE,-0.00917760245194727,0.000394669095405196,-0.00995113966475246,-0.00840406523914208,1.29847245590301e-119
tmle,RR,0.655119956340766,0.171261795339458,0.468319805451594,0.916429653838947,0.0135288953532491
iptw,RR,1.52743754161174,0.100762683492555,1.25370139432607,1.8609418910147,2.6240924746285e-05
tmle,ATE,-0.00468773838062089,0.001582159499797,-0.00778871401802093,-0.00158676274322086,0.00304781841949852
iptw,ATE,0.00548415125993929,0.00153221267438034,0.00248106960149804,0.00848723291838055,0.000344599742463849
tmle,RR,0.184013660751946,0.0593522318939195,0.163805829702671,0.206714421609992,6.55656003052956e-179
iptw,RR,0.219844805306079,0.0614405700752716,0.194902720032012,0.247978778398421,3.23162923021018e-134
tmle,ATE,-0.00971813856630573,0.000481954214445541,-0.0106627514688163,-0.00877352566379518,2.02687951172581e-90
iptw,ATE,-0.00685319101495717,0.000379693078305233,-0.00759737577361457,-0.00610900625629977,7.99093290257441e-73
tmle,RR,0.133442081406587,0.0613232608499212,0.11832986066448,0.150484323991666,1.3974259394274e-236
iptw,RR,0.122191341392725,0.0653399382294721,0.107503592166516,0.138885814050072,4.24284774643188e-227
tmle,ATE,-0.012517441688082,0.000591408008382685,-0.0136765800846807,-0.0113583032914834,1.98676400460802e-99
iptw,ATE,-0.00922071034607655,0.000404462367741279,-0.0100134420199512,-0.00842797867220185,4.86021230288426e-115
tmle,RR,0.656782143881854,0.169937050384863,0.47072867800292,0.916372434227109,0.0133656700180899
iptw,RR,1.70477282667575,0.0962836552197205,1.41159372266044,2.05884337959126,3.02105688544103e-08
tmle,ATE,-0.00468098848628177,0.00158240947594419,-0.00778245406792727,-0.00157952290463627,0.00309501700344986
iptw,ATE,0.00693158668639188,0.001522642735409,0.00394726176366869,0.00991591160911507,5.30526288112305e-06
tmle,RR,0.245504738613503,0.0554818790014723,0.220208266465411,0.273707148460532,2.27019350566269e-141
iptw,RR,0.213364513314169,0.0603160437886438,0.18957500664713,0.240139332430727,1.15103954973343e-144
tmle,ATE,-0.0105148758702186,0.000541876260079134,-0.011576933824051,-0.00945281791638628,7.06066497809353e-84
iptw,ATE,-0.0080824297633487,0.000421472966626912,-0.0089085015983947,-0.0072563579283027,5.80248585565502e-82
tmle,RR,0.668001477427441,0.175183936833221,0.473871495495216,0.941660298387266,0.0212736126528296
iptw,RR,1.58965969983735,0.101015466941458,1.3041262691401,1.93770957696697,4.46220148109004e-06
tmle,ATE,-0.00429238733501258,0.00155509165453312,-0.0073403109705563,-0.00124446369946886,0.00577633303493684
iptw,ATE,0.00588098031331914,0.00152673083067433,0.00288864287111054,0.00887331775552774,0.000117152900083216
tmle,RR,0.224926505270893,0.0576123898061933,0.200909688575865,0.251814300903031,7.21963770176635e-148
iptw,RR,0.210112135451934,0.0615668482548843,0.186228154913008,0.237059264668086,1.15356621998071e-141
tmle,ATE,-0.0108351344445585,0.00059642984357111,-0.0120041154572627,-0.00966615343185427,9.48068388970004e-74
iptw,ATE,-0.0080278296336161,0.000426702405445744,-0.00886415098040636,-0.00719150828682583,5.8376773337554e-79
tmle,RR,0.251517626128644,0.0578300919710453,0.224565668315134,0.281704308267699,6.71354374794541e-126
iptw,RR,0.206626778352516,0.0608831308008639,0.183384569247153,0.232814711224688,6.75103046655644e-148
tmle,ATE,-0.0105114875258427,0.000605770242133126,-0.0116987753833297,-0.00932419966835564,1.89608657154481e-67
iptw,ATE,-0.00778916220926949,0.000406785304484788,-0.00858644675549984,-0.00699187766303915,1.00399402056358e-81
tmle,RR,0.616020712170495,0.176417434603331,0.435941808873055,0.870486633993732,0.0060292983692797
iptw,RR,1.45867327790533,0.103460839263689,1.19094581035867,1.78658652070348,0.000263275916489118
tmle,ATE,-0.00536401290414836,0.0015835151524416,-0.00846764557190735,-0.00226038023638936,0.00070556212395201
iptw,ATE,0.00484789311867576,0.00153297136862928,0.0018433244468313,0.00785246179052023,0.00156465891927671
tmle,RR,0.753753722221465,0.149910475859193,0.561856541296141,1.01119170465127,0.0593323274323485
iptw,RR,1.76987120866463,0.0925023756143487,1.47639817459465,2.12167974003355,6.75140172465121e-10
tmle,ATE,-0.00333445656995892,0.00157117927090828,-0.00641391135419504,-0.000255001785722791,0.0338156086694511
iptw,ATE,0.00763837395895719,0.00152259721675565,0.0046541382511552,0.0106226096667592,5.25736468800845e-07
tmle,RR,0.701409917411659,0.157692624668835,0.514924666889514,0.955432714488684,0.0245076190768825
iptw,RR,1.64927088714218,0.0981698290508686,1.36059754471022,1.9991910684758,3.4579020724525e-07
tmle,ATE,-0.00412357500975378,0.00158008760617921,-0.00722048981028314,-0.00102666020922442,0.00906182389210734
iptw,ATE,0.00643711223328195,0.00152410422540188,0.00344992284280895,0.00942430162375496,2.40496713509836e-05
tmle,RR,0.695491091197672,0.165271924702257,0.503050811554116,0.961548708053905,0.0280054728098137
iptw,RR,1.62296260472562,0.103801618597508,1.32419643782182,1.9891366122918,3.08346822986788e-06
tmle,ATE,-0.00404971324941002,0.00158239352033013,-0.00715114755862663,-0.000948278940193415,0.0104903493738393
iptw,ATE,0.00594892814703229,0.00152823150127186,0.00295364944449988,0.0089442068495647,9.91396930677257e-05
tmle,RR,0.6791402508515,0.16554865683839,0.49095783883107,0.939452319215011,0.0194264964834605
iptw,RR,1.76329562738118,0.0949477973978846,1.46387980290027,2.12395270662354,2.32008307456102e-09
tmle,ATE,-0.00434486930536165,0.00157603452631321,-0.00743384021532719,-0.00125589839539611,0.00583635492712256
iptw,ATE,0.00731528192491112,0.00151510022681365,0.0043457400473879,0.0102848238024343,1.37738449741305e-06
tmle,RR,0.222159598285593,0.059798787588546,0.197589681492555,0.249784739453998,1.18414334875453e-139
iptw,RR,0.175937918869813,0.0618199438574204,0.155861272947562,0.198600657564598,7.86034106211083e-174
tmle,ATE,-0.0109665253126742,0.000603030170953434,-0.0121484427293339,-0.0097846078960144,6.69955201199913e-74
iptw,ATE,-0.00845152186065208,0.00041233739940398,-0.00925968831296279,-0.00764335540834137,2.3078962829631e-93
tmle,RR,0.70277239893368,0.161101346091393,0.512489511962092,0.963705662603944,0.028564665323514
iptw,RR,1.61563910374387,0.100936027507411,1.32564565773682,1.96907046638893,2.00600516871628e-06
tmle,ATE,-0.00400114470095816,0.00156846730554349,-0.00707528413075199,-0.00092700527116434,0.0107417351025315
iptw,ATE,0.00610952137535207,0.00153283617629917,0.00310521767560561,0.00911382507509852,6.72636889631528e-05
tmle,RR,0.219374952833521,0.0541194948995458,0.197296982383311,0.243923497203879,6.99113195235238e-173
iptw,RR,0.26149149858775,0.0549518376281702,0.23479156195768,0.291227688352753,1.35177552194129e-131
tmle,ATE,-0.0103730162455791,0.000502186865917418,-0.0113572844162863,-0.0093887480748719,8.67726054978291e-95
iptw,ATE,-0.00756541706029792,0.000402760182299439,-0.00835481251201161,-0.00677602160858423,1.02235698780677e-78
tmle,RR,0.188733902584417,0.0632105975804133,0.16674198296556,0.213626378619363,2.40187322189335e-153
iptw,RR,0.184135055967279,0.0627456807965979,0.162827313630369,0.208231150414,3.56936922024132e-160
tmle,ATE,-0.0108541392629306,0.000565487089893584,-0.0119624735928444,-0.00974580493301685,4.12863210991911e-82
iptw,ATE,-0.00801863024675962,0.000402858064360086,-0.00880821754378691,-0.00722904294973233,3.73056664545078e-88
tmle,RR,0.592474335550857,0.181573431455189,0.415062939569146,0.84571713063761,0.00394103628840065
iptw,RR,1.51972226275063,0.102236862542158,1.24376992294787,1.85689950632187,4.24533651998901e-05
tmle,ATE,-0.00575105721347093,0.00158591357972888,-0.00885939071233253,-0.00264272371460933,0.000287470053989969
iptw,ATE,0.00532500163768465,0.00152857395455444,0.00232905173905199,0.00832095153631732,0.000494644019346631
tmle,RR,0.237601361347197,0.0602093511733042,0.211153668939576,0.267361714326622,6.36941087935954e-126
iptw,RR,0.14798123759753,0.0698691698106631,0.129042839228997,0.169699045772203,1.19200589016208e-164
tmle,ATE,-0.00993043993429749,0.000555608476645088,-0.011019412538027,-0.00884146733056795,1.91111477192073e-71
iptw,ATE,-0.00802088825892292,0.000384405810544784,-0.00877430980303862,-0.00726746671480721,1.09823843031697e-96
tmle,RR,0.235551801152346,0.0612272795102346,0.208915024717001,0.265584780708207,2.7641119626471e-123
iptw,RR,0.2458115339931,0.0597690136903423,0.218638571080175,0.276361622496534,7.02688214251998e-122
tmle,ATE,-0.0104955961605549,0.00061165940089489,-0.0116944265571142,-0.00929676576399558,5.36321617286449e-66
iptw,ATE,-0.00713141649535211,0.000396668710745842,-0.0079088728822079,-0.00635396010849632,2.8835909063516e-72
tmle,RR,0.234623109443247,0.056526805617566,0.210017305385987,0.262111750189567,4.50111383941359e-145
iptw,RR,0.226727411464017,0.0570309082897275,0.202749238898748,0.253541366608262,2.85838297540899e-149
tmle,ATE,-0.0107195379622384,0.000537385386752753,-0.011772793966092,-0.00966628195838492,1.57321085031216e-88
iptw,ATE,-0.00826633378708213,0.000422672095062514,-0.00909475587067474,-0.00743791170348951,3.57367480494289e-85
tmle,RR,0.145895448382523,0.0647986724878644,0.128494640319564,0.165652682522796,6.55593862877168e-194
iptw,RR,0.149945653284398,0.0665556660637303,0.131607789590451,0.17083866394878,8.88041497215916e-179
tmle,ATE,-0.0119553144529044,0.000597055277006217,-0.0131255212926161,-0.0107851076131926,3.41655302503479e-89
iptw,ATE,-0.00856619277161107,0.000406222146883473,-0.00936237354922521,-0.00777001199399692,1.03683665341779e-98
tmle,RR,0.245600218013301,0.0568637455332673,0.219698069128257,0.27455620036864,1.32029823507997e-134
iptw,RR,0.213182433098403,0.0621315387146808,0.188740435569004,0.240789683698382,1.34101282414968e-136
tmle,ATE,-0.0104737313256552,0.00055108865809021,-0.0115538452478005,-0.00939361740350984,1.53491559132086e-80
iptw,ATE,-0.00781191656323036,0.000419632009703983,-0.00863438018901033,-0.0069894529374504,2.37869541340073e-77
tmle,RR,0.64607592129741,0.171773637972152,0.461391479149611,0.904685315926581,0.0109872463989937
iptw,RR,1.68223056411668,0.0952249891159855,1.39582142962837,2.02740809875785,4.70751639517718e-08
tmle,ATE,-0.00482064048339113,0.00155971860618285,-0.00787763277752653,-0.00176364818925573,0.00199677433069783
iptw,ATE,0.00689773690386164,0.00152696011913526,0.00390495006452755,0.00989052374319573,6.26331471247283e-06
tmle,RR,0.611240941667467,0.182107154596092,0.427762338290326,0.87341838055167,0.00686844908606286
iptw,RR,1.58765940803401,0.100787470301412,1.30306743359332,1.93440671674831,4.50757058016744e-06
tmle,ATE,-0.00529377813723118,0.00158026402805305,-0.00839103871827936,-0.002196517556183,0.00080831198022077
iptw,ATE,0.00585729828672019,0.00152270546913351,0.00287285040815635,0.00884174616528403,0.000119749192804089
tmle,RR,0.184648929761783,0.0567109863207258,0.165224450325753,0.206357032478851,5.61122256215678e-195
iptw,RR,0.107896340181521,0.0678698136616453,0.0944573644320172,0.123247353920671,4.72604495506545e-236
tmle,ATE,-0.0107856219420676,0.00050690676303292,-0.0117791409411319,-0.00979210294300331,1.84138036306355e-100
iptw,ATE,-0.0088494283388448,0.000393491673675419,-0.00962065784746501,-0.00807819883022459,5.25967924278918e-112
tmle,RR,0.662471360542626,0.164995803052321,0.479426930559164,0.915401859105699,0.0125713322060818
iptw,RR,1.64090793810061,0.0982913564198683,1.35337597201356,1.98952760873651,4.68977276950817e-07
tmle,ATE,-0.00469473433185087,0.00157629668295128,-0.00778421905938532,-0.00160524960431641,0.00289822176186616
iptw,ATE,0.00640953165095104,0.00152643590778734,0.00341777224697915,0.00940129105492293,2.68075168968293e-05
tmle,RR,0.678260413199661,0.173035475746383,0.483179395501333,0.952104316527101,0.0248575608215047
iptw,RR,1.83021889819361,0.095393668127079,1.5181119465229,2.2064915719669,2.35465565342654e-10
tmle,ATE,-0.0041533094372311,0.0015562724966037,-0.00720354748070458,-0.00110307139375762,0.00761330451414266
iptw,ATE,0.00773468535245071,0.00152308831216236,0.00474948711533859,0.0107198835895628,3.80845483956036e-07
tmle,RR,0.637590051065121,0.16831527220482,0.458428186351256,0.886771549657158,0.00749727470946736
iptw,RR,1.71392284063297,0.0967844968045886,1.41777774013495,2.07192666416373,2.59385093948719e-08
tmle,ATE,-0.00516643752509836,0.00160351043035562,-0.00830926021742969,-0.00202361483276703,0.0012731938585918
iptw,ATE,0.00696601053496195,0.00152636125947766,0.00397439743898855,0.00995762363093536,5.02354647625997e-06
tmle,RR,0.622859503125643,0.168862687825063,0.447356667461062,0.867213990205456,0.00505254699447079
iptw,RR,1.65617930684301,0.0966027407903722,1.3704997226971,2.00140857454316,1.76469141867833e-07
tmle,ATE,-0.00546556911773308,0.00159331660929306,-0.00858841228791696,-0.00234272594754921,0.000602893121518524
iptw,ATE,0.00665359921072866,0.0015309435362346,0.00365300501734446,0.00965419340411287,1.38593637380051e-05
tmle,RR,0.231148448832356,0.0588711374722168,0.205958528504563,0.259419242240414,1.23472653513325e-136
iptw,RR,0.201403168816124,0.0632623919944519,0.177916920793052,0.227989761897681,1.48681181388248e-141
tmle,ATE,-0.0104145375560928,0.000555407575632074,-0.0115031164010723,-0.0093259587111132,1.89406151555696e-78
iptw,ATE,-0.00774239955182632,0.000391241854581524,-0.00850921949605076,-0.00697557960760187,3.6817264308531e-87
tmle,RR,0.597969170828483,0.180535130583737,0.419765761479073,0.851825379948549,0.00439551014248584
iptw,RR,1.6633130245461,0.0960354318374053,1.37793420358188,2.00779559026333,1.1697325969523e-07
tmle,ATE,-0.00564832376879398,0.00158311535697084,-0.0087511728518291,-0.00254547468575886,0.000359917543780094
iptw,ATE,0.00674918798339565,0.00153075922894169,0.00374895502566765,0.00974942094112366,1.03826932137117e-05
tmle,RR,0.742314807598237,0.141145520040657,0.562917615590667,0.978884402118794,0.0347579037797541
iptw,RR,1.5935845785457,0.0970831910246337,1.31746096481621,1.92758030544985,1.58774906632471e-06
tmle,ATE,-0.00377847711499926,0.00158588620837069,-0.0068867569669846,-0.000670197263013919,0.0171924923649168
iptw,ATE,0.00616021726410961,0.00152669677252205,0.00316794657465285,0.00915248795356636,5.46029393189069e-05
tmle,RR,0.71241405148117,0.160430844211329,0.520203769220686,0.975644181717767,0.0345444528573526
iptw,RR,1.56102646143237,0.103497067077952,1.27442241611301,1.91208470792934,1.68532364907178e-05
tmle,ATE,-0.00382384684299304,0.00155828050919404,-0.00687802051882409,-0.000769673167161987,0.0141320737080496
iptw,ATE,0.00554038409306205,0.00152772480232971,0.00254609850220724,0.00853466968391686,0.000287223242891214
tmle,RR,0.106592478529332,0.0682627689494667,0.0932440624212862,0.121851796071386,6.72548511695231e-236
iptw,RR,0.0919131550498597,0.0729577043210812,0.079666541451077,0.106042360034011,9.13876398505588e-235
tmle,ATE,-0.0120009378545885,0.000505909970232685,-0.0129925031756643,-0.0110093725335127,2.16427731326086e-124
iptw,ATE,-0.00871181302305579,0.000384282277476001,-0.00946499244680578,-0.0079586335993058,8.78962600111682e-114
tmle,RR,0.144424074370209,0.0658981399227633,0.126924948068333,0.164335802969657,1.60597283598106e-189
iptw,RR,0.126727184459914,0.0675100386464626,0.111021000561551,0.144655328270377,1.2741192012184e-205
tmle,ATE,-0.0120352804313195,0.000567143985836767,-0.013146862217608,-0.0109236986450309,6.12988654027014e-100
iptw,ATE,-0.00892144594610582,0.000396940477757464,-0.00969943498651657,-0.00814345690569507,7.20454691765059e-112
tmle,RR,0.188551695578925,0.0616411667919544,0.16709420405549,0.212764662345087,2.47234304778505e-161
iptw,RR,0.18196341731941,0.0656437350904506,0.159995598670383,0.206947475541319,1.49484802524325e-148
tmle,ATE,-0.0105550993719135,0.000505667822844419,-0.0115461900928293,-0.00956400865099766,9.30878294247917e-97
iptw,ATE,-0.00772906589261474,0.000387879545575647,-0.00848929583228277,-0.00696883595294671,2.39949869104881e-88
tmle,RR,0.777089777606217,0.154548243567306,0.574010045089215,1.05201734294776,0.102711307232049
iptw,RR,1.86855369387431,0.0930283004100137,1.55711163262527,2.24228811456809,1.81529911387957e-11
tmle,ATE,-0.00282189907879479,0.00155043420373254,-0.0058606942785096,0.000216896120920023,0.0687483162846708
iptw,ATE,0.00818648481957049,0.00152254081789822,0.00520235965149783,0.0111706099876432,7.57971699150551e-08
tmle,RR,0.538909941319051,0.205767488477232,0.360053130611627,0.806614080425176,0.0026610962193135
iptw,RR,1.48895706376939,0.110639490392852,1.19868665255272,1.84951849845616,0.000320728980871348
tmle,ATE,-0.00626517621182387,0.00156618352833262,-0.00933483952053568,-0.00319551290311206,6.32669717618658e-05
iptw,ATE,0.00469535845104963,0.00152609231038785,0.00170427248560591,0.00768644441649334,0.00209291925257156
tmle,RR,0.207570213197913,0.0614492709172679,0.184017580900634,0.234137375332048,2.14386201379549e-144
iptw,RR,0.166346007722579,0.0638532927048638,0.146777795645249,0.18852302668531,1.27165058180234e-173
tmle,ATE,-0.0113647082186322,0.00061524721694683,-0.0125705706054365,-0.0101588458318279,3.48436093013594e-76
iptw,ATE,-0.0086026518016145,0.000422730745868148,-0.00943118883867383,-0.00777411476455518,4.62460669560157e-92
tmle,RR,0.245242436114951,0.0587388384547126,0.218573260916833,0.275165645693872,1.56278657647802e-126
iptw,RR,0.232793453022952,0.0585987956322953,0.207535013196299,0.261126018861648,1.41210146902158e-136
tmle,ATE,-0.0105457195429383,0.00060443700933718,-0.0117303943121623,-0.00936104477371433,3.61670832315149e-68
iptw,ATE,-0.00778502218067382,0.000422050266215033,-0.00861222550212083,-0.00695781885922682,5.64393922418028e-76
tmle,RR,0.652019038710404,0.160116639205826,0.476396702526037,0.892384066864116,0.00756116140724142
iptw,RR,1.51762415934599,0.100227764814933,1.24695334183447,1.84704833112863,3.15498522955644e-05
tmle,ATE,-0.00510005995727514,0.00159869652301346,-0.00823344756459093,-0.00196667234995934,0.0014220566300356
iptw,ATE,0.00542748226832495,0.00152919459009619,0.00243031594638293,0.00842464859026697,0.000386341269642399
tmle,RR,0.164375377951077,0.0600254519819896,0.14613121898129,0.184897279752514,8.68786177453248e-199
iptw,RR,0.129143556755186,0.0673827625379159,0.113166121497807,0.147376776995076,1.13385751283514e-202
tmle,ATE,-0.0110469854067705,0.000514922727564477,-0.012056215407618,-0.010037755405923,4.21952390219689e-102
iptw,ATE,-0.00841751624747526,0.000395342706958209,-0.00919237371466393,-0.0076426587802866,1.35536917288813e-100
tmle,RR,0.684393755210947,0.165078761162687,0.495211523260819,0.945847966314481,0.0216063506454508
iptw,RR,1.63701432670181,0.103503121692524,1.3364430699909,2.00518523085703,1.91755436006536e-06
tmle,ATE,-0.00424207602057981,0.00156348372115212,-0.00730644780445263,-0.001177704236707,0.00666327604644933
iptw,ATE,0.00601415497252324,0.00152336896723581,0.00302840666157506,0.00899990328347141,7.88296449213584e-05
tmle,RR,0.22441988061609,0.0618383108815221,0.198803699276008,0.253336748758468,5.37216316284444e-129
iptw,RR,0.186515828936218,0.0631548041864402,0.164800387281028,0.211092674099373,9.03707457959175e-156
tmle,ATE,-0.0104153838779052,0.000579066825744925,-0.0115503340010072,-0.00928043375480321,2.48582488204334e-72
iptw,ATE,-0.00796259152352524,0.000412850574225579,-0.00877176378000405,-0.00715341926704642,6.92528081437901e-83
tmle,RR,0.63117472047948,0.178642697968689,0.444722043060505,0.895798924269085,0.00999684953861101
iptw,RR,1.7818593978409,0.0909685041935927,1.49087386208752,2.12963886108263,2.15200746315502e-10
tmle,ATE,-0.0049731757479552,0.0015786772754895,-0.00806732635112643,-0.00187902514478397,0.00163149319083769
iptw,ATE,0.00786882399669862,0.00152512284870472,0.00487963814123824,0.010858009852159,2.47651277734025e-07
tmle,RR,0.659778918817762,0.166695769684969,0.475890174828006,0.914724120693734,0.0126075308183725
iptw,RR,1.64936597978843,0.0991722957460263,1.35800516357558,2.00323843255552,4.51928133682667e-07
tmle,ATE,-0.00471285932879863,0.00158246994462767,-0.00781444342688595,-0.00161127523071131,0.00289978201685432
iptw,ATE,0.00634077043235549,0.00152053269652316,0.00336058110985453,0.00932095975485645,3.04468616387371e-05
tmle,RR,0.139542626187314,0.0716251155686981,0.12126612028079,0.160573657985964,1.97442519019332e-166
iptw,RR,0.0755675329067201,0.0769092528526256,0.0649935065949849,0.0878618854217794,3.1239211316525e-247
tmle,ATE,-0.0115216887844349,0.00056426610381295,-0.012627630025605,-0.0104157475432648,1.13611169979887e-92
iptw,ATE,-0.00926407836930813,0.000403358099066674,-0.0100546457163514,-0.00847351102226491,9.87939931286466e-117
tmle,RR,0.119615080266568,0.0748414509981892,0.103295351410451,0.138513178297101,4.35611114761512e-177
iptw,RR,0.126677163744724,0.0696894759886653,0.110504138113579,0.145217220715427,3.66103309318424e-193
tmle,ATE,-0.0117897473926792,0.000517988784166028,-0.0128049867540403,-0.0107745080313181,1.12634551839845e-114
iptw,ATE,-0.00844671034327706,0.000403237355279521,-0.0092370410368461,-0.00765637964970802,1.98818490559858e-97
tmle,RR,0.662831649044657,0.170645630987453,0.474405169277645,0.926098245607719,0.0159580884159564
iptw,RR,1.70516604847787,0.0979887270409804,1.40720873141826,2.06621177652247,5.1468224601265e-08
tmle,ATE,-0.00455915467402509,0.00159242572578392,-0.00768025174461663,-0.00143805760343355,0.00419617444655251
iptw,ATE,0.00680525824443976,0.00152421543984273,0.00381785087766813,0.00979266561121139,8.01580341201927e-06
tmle,RR,0.188754691409656,0.0587918399459726,0.168210867173247,0.21180756111589,6.39182805073072e-177
iptw,RR,0.158184589114697,0.062358828323885,0.139985882608719,0.178749197898239,3.56161689670933e-192
tmle,ATE,-0.011618870113045,0.00057867972760698,-0.0127530615377382,-0.0104846786883519,1.14377138798087e-89
iptw,ATE,-0.00885102005791475,0.000414576206350302,-0.00966357449120859,-0.00803846562462092,3.93617621127621e-101
tmle,RR,0.576785934776551,0.178400253784754,0.406593180279605,0.818218383120153,0.00203861971634774
iptw,RR,1.48442891866966,0.102251664373913,1.21484992689573,1.81382833039582,0.000111859765616034
tmle,ATE,-0.00625571418059927,0.00160198941659146,-0.00939555574073285,-0.00311587262046568,9.42386392494542e-05
iptw,ATE,0.00510483781362108,0.00153403119069964,0.00209819192868868,0.00811148369855348,0.000875574588556117
tmle,RR,0.666333443558262,0.168364787979231,0.479048234441237,0.926838314146163,0.015899119108783
iptw,RR,1.68861634968024,0.0974394640948541,1.3950519089467,2.04395632744613,7.58344711524603e-08
tmle,ATE,-0.00450251981805984,0.0015594861484242,-0.00755905650336037,-0.00144598313275932,0.00388709723057372
iptw,ATE,0.00673668459151154,0.00152308437499773,0.00375149407110029,0.0097218751119228,9.73153599614769e-06
tmle,RR,0.667224569849104,0.164607729458815,0.483234215512819,0.921268842972714,0.0139659287591875
iptw,RR,1.88287165807777,0.0900112243166872,1.57834894833629,2.24614821996712,2.06218325204186e-12
tmle,ATE,-0.00463606444163291,0.00159502547614126,-0.00776225692929363,-0.00150987195397219,0.00365406896377238
iptw,ATE,0.00864353461891795,0.00152645435345281,0.00565173906210607,0.0116353301757298,1.49190872906768e-08
tmle,RR,0.667956552037181,0.160968995682431,0.487226786505136,0.915725423492692,0.0121797359520102
iptw,RR,1.72872902884917,0.0922996314328502,1.44265118237029,2.07153613548887,3.01943661628541e-09
tmle,ATE,-0.00471834641876871,0.00158668937183813,-0.00782820044222393,-0.00160849239531349,0.00294227613072173
iptw,ATE,0.00745524787065102,0.00153051561998994,0.00445549237769474,0.0104550033636073,1.10995816242244e-06
tmle,RR,0.621738572613451,0.177615043360061,0.438956629798481,0.880631083879232,0.00745846331166683
iptw,RR,1.60658505661488,0.100653137981292,1.31894782713851,1.95695045022215,2.47299764529824e-06
tmle,ATE,-0.00519561893971174,0.0015772329346691,-0.0082869386868936,-0.00210429919252989,0.000987249086656939
iptw,ATE,0.00599935864661186,0.00152377129757739,0.0030128217826843,0.00898589551053941,8.24454932261709e-05
tmle,RR,0.600798228626775,0.182042892771985,0.420507215505688,0.858388389571375,0.00512977148144556
iptw,RR,1.58746642907256,0.0999546269641056,1.30503757776515,1.93101693496667,3.77335369441046e-06
tmle,ATE,-0.00555198195576673,0.00159114716014595,-0.00867057308375597,-0.00243339082777748,0.000484296221215204
iptw,ATE,0.00599701603992767,0.00153605383524271,0.00298640584453734,0.00900762623531799,9.45491177664257e-05
tmle,RR,0.287023845469399,0.055619265519996,0.257379986677029,0.320081949384118,1.54290579788799e-111
iptw,RR,0.242863322055925,0.0555614168217657,0.217805061300752,0.270804511372648,4.03572351471825e-143
tmle,ATE,-0.0102421517623213,0.000618459897776935,-0.0114543108878464,-0.00902999263679614,1.3394308425243e-61
iptw,ATE,-0.00820480242478582,0.000423335986443431,-0.00903452571157468,-0.00737507913799696,1.110035922538e-83
tmle,RR,0.207854408841764,0.0561990424472995,0.186175500134885,0.23205768344201,6.10511668613211e-172
iptw,RR,0.257840302544057,0.0559246707418778,0.231072166398575,0.28770934488638,9.1910652873521e-130
tmle,ATE,-0.0106978358998495,0.000526694791781251,-0.0117301387225855,-0.0096655330771134,1.0224334526896e-91
iptw,ATE,-0.00753974313695766,0.000424294855617822,-0.00837134577279421,-0.00670814050112111,1.20571391420986e-70
tmle,RR,0.592322945699518,0.184911055628916,0.412251249825451,0.85105011118997,0.00462303428255561
iptw,RR,1.67644079334836,0.0947997141475583,1.39217732882771,2.01874694796892,5.03264332162748e-08
tmle,ATE,-0.00566136203419306,0.00159335961519201,-0.00878428949439001,-0.00253843457399612,0.000380723355166149
iptw,ATE,0.00690049650328602,0.00152994277353231,0.00390186376875538,0.00989912923781666,6.47368851485762e-06
tmle,RR,0.239641217361318,0.0606753587758918,0.212772040288156,0.269903475008465,1.40643917808812e-122
iptw,RR,0.19361049200411,0.0630511103395573,0.171103812366261,0.219077658736405,1.70629235575326e-149
tmle,ATE,-0.00983546157705412,0.000564423203161711,-0.0109417107272898,-0.00872921242681843,5.26728332991826e-68
iptw,ATE,-0.0075559613422654,0.000379830970239757,-0.00830041636414823,-0.00681150632038257,4.68301020331527e-88
tmle,RR,0.662396294309581,0.165534508836658,0.478866729984832,0.916265055058144,0.0128373394547935
iptw,RR,1.64572146096929,0.0990097893308661,1.35543609646556,1.9981754463802,4.86372270388396e-07
tmle,ATE,-0.00465456207714737,0.00155861087487058,-0.00770938325780616,-0.00159974089648857,0.00282326646857429
iptw,ATE,0.00636691382957164,0.00152417933485848,0.0033795772272688,0.00935425043187448,2.95024302006477e-05
tmle,RR,0.719411307879281,0.158706705168679,0.527091323756527,0.981903147667147,0.0379832552415508
iptw,RR,1.66994459169689,0.0993243266927798,1.37453892023866,2.0288366508047,2.43298565440424e-07
tmle,ATE,-0.00375735401203103,0.00157633248139848,-0.0068469089032327,-0.000667799120829354,0.0171439921076415
iptw,ATE,0.00650714785516903,0.00152532144191982,0.00351757276415949,0.00949672294617858,1.98934806460473e-05
tmle,RR,0.187599819591541,0.0632769809934082,0.165718484315139,0.212370348764792,4.02074436691346e-154
iptw,RR,0.164348039298725,0.0643369928275879,0.144877445442305,0.186435355336878,2.45342136465669e-173
tmle,ATE,-0.0120687558316822,0.000630548220900489,-0.013304607635163,-0.0108329040282015,1.17045841173482e-81
iptw,ATE,-0.0088572192948426,0.000427797867389805,-0.00969568770758966,-0.00801875088209554,3.17358934418853e-95
tmle,RR,0.575475801903717,0.184773597343554,0.400633716265667,0.826621387894172,0.00278557378244704
iptw,RR,1.51238257739986,0.105707693429121,1.22937142370551,1.86054516667418,9.09706998102908e-05
tmle,ATE,-0.00603967201549458,0.00158854486705741,-0.00915316274275308,-0.00292618128823609,0.000143523815596483
iptw,ATE,0.00509186794412949,0.00152573369360437,0.00210148485466565,0.00808225103359333,0.000845892225286553
tmle,RR,0.634742448848506,0.167958944525403,0.456699598977021,0.882194723342576,0.00680513826849417
iptw,RR,1.66872890660493,0.093118208545769,1.39034771119016,2.00284874159656,3.81830810548937e-08
tmle,ATE,-0.00521278357955399,0.00158466115702685,-0.00831866237502619,-0.00210690478408179,0.00100356396294832
iptw,ATE,0.00701878114760166,0.00153237316317507,0.0040153849369028,0.0100221773583005,4.64233600161042e-06
tmle,RR,0.0692143733204144,0.0823745797243541,0.0588950672042878,0.081341777869453,1.4557011770803e-230
iptw,RR,0.0457754766305083,0.114001177308966,0.0366095926836819,0.0572362079757362,3.57792454582329e-161
tmle,ATE,-0.0126843450085787,0.000571858398824413,-0.0138051668745313,-0.0115635231426261,5.24952723620333e-109
iptw,ATE,-0.00899920859201936,0.000371201624345664,-0.00972675040673962,-0.00827166677729909,7.75206009600606e-130
tmle,RR,0.666567691992285,0.170173983730516,0.47752036996493,0.930457664121331,0.017147819202886
iptw,RR,1.74520241366856,0.0955635474355246,1.44711140366856,2.10469730039675,5.6355716195763e-09
tmle,ATE,-0.00444588080916766,0.00155654163405482,-0.00749664635235224,-0.00139511526598309,0.00428669843753368
iptw,ATE,0.00723939810518993,0.00152252882701985,0.00425529643880701,0.0102234997715729,1.9859257735691e-06
